0.26708808529595185
0.4213717204176315
0.6849961697253456
0.7297857794214823
0.14372447908668556
0.06533624876578063
1.1240394506144247
0.2603332250804144
0.1158377725324217
0.8762999532228116
0.6194827232533531
0.7637636604727082
0.17125795783672526
0.6984663725132791
0.20060728136523182
0.4597215085548423
0.30167233694737094
0.6332772246105334
0.8079971538367198
1.0970903463336916
0.189872863468975
0.12264854040693798
0.805889585259611
0.8051768644746777
0.6187994349526965
0.0367271509467038
0.8145970539062418
0.6643749917207885
0.49424519174055237
0.1856431366846207
0.7617446988000234
0.27628107970997656
0.1223723656168638
0.1520344292517505
0.0063448566585737895
-0.03342083751430655
0.008540824371152155
0.13132315869366812
0.18617563856002442
0.19491936385034966
0.5542800095980497
0.26853247767871863
0.36518577113176215
0.9188469179680411
0.11979808622100803
0.4483099556175264
0.08722459500378839
0.36138445830732074
0.043514543207804
0.009753730433984554
0.14586277722478022
0.10129027278370623
0.0520134033064089
1.0054259801883434
0.22350529527386664
1.156820736297649
0.4225733304569851
0.917222543999142
1.029674568218765
0.04758153932692042
1.0430055931348459
1.008389628881847
0.7157226814921163
1.0267418176536223
0.9134861679884646
0.31053715142371857
0.7726401014390868
0.6194547617488172
0.2286563915899445
0.7933900085596068
0.752688376588485
0.13976305920156196
0.7985677854232879
0.5318869702896869
0.8864573434148629
0.20867805449534435
0.26366103455164663
0.5824388864795165
0.6693054082277304
0.1904722224701673
0.7555433919618649
0.07222604272542889
0.10550547030249463
0.33223569238137596
0.6205540030510718
0.22385747653206095
0.23716336816353092
0.41324306374830116
0.12478586488992416
0.04735191481585029
0.3657204256475092
0.20170656975594783
0.01652152527375923
0.16267086367478958
0.2896572675155284
0.326738073377359
0.36854911152703496
0.7132722540188888
0.34682859304056934
0.07480151936360864
0.3441418844684366
0.5398954482774488
0.023198781876452378
0.08049994359748447
0.18767769003773496
0.1506999201410182
0.12905697204987776
-0.16917023783540444
-0.07568819230678084
-0.3231557989332976
-0.13946116054212898
-0.05121232476301045
-0.30337575566479263
-0.3740757979301225
-0.42014271768454975
-0.5015825492764635
-0.32969821901589463
-0.45776685106892934
-0.4290992487583096
-0.7784665724893803
-0.7035939886405508
-0.030029956001617727
-0.08903516350273878
-0.4298397429863905
-0.3379675290098115
-0.09725586493571628
-0.08717543790450825
-0.22673548977799
-0.019650047733553704
-0.6782658864178944
-0.16324218243038888
-0.8682886949679061
-0.4101978975279297
-0.25419634290101784
-0.5825009177197097
-0.267823964787541
-0.9574890967196021
-0.0010468903306937976
-0.0828181679537977
-0.6272893600491938
-0.012401078875476505
-1.0411733868233013
-0.9348002472222633
-0.9798572641859715
-0.8742823271535213
-1.0484361894592666
-0.21966540798394085
-1.1878184200348838
-0.2836801273358874
-0.17431118117888397
-0.7368460046217619
-0.7452711999824893
-0.09856882079064254
-0.5536278271241941
-0.4270485710336484
-0.07677911990413289
-0.49837391263365216
-1.143906697219686
-0.8178026598849354
-0.44168748678066333
-0.2522174411393678
-0.4037974592571472
-0.20925274549551307
-0.8743983826129765
-0.15571506261262508
-0.2007172481869946
-0.2532338201467414
-0.03643759927790646
-0.002786847192129433
-0.21004282600527344
-0.40169955656293693
-0.07687867740303074
-0.08701600912034058
-0.010288476090805179
-0.35285192033379487
-0.32551586038649793
-0.2989880806873329
-0.017207524388781623
-0.05838727445977633
-0.007256310669333479
0.0016147321338006214
0.028958737324694894
-0.0543238567327655
-0.23356066668699055
-0.02954399500142421
-0.16441407533610766
-0.2887794803659488
-0.231554589086882
-0.27591716351158424
-0.18637436071359548
-0.5761359529209306
-0.5853345607306152
-1.0807127429852614
-1.0894583793377144
-0.43999241898201474
-0.19229069270124033
-0.6708619019953936
-0.4528180515236826
-0.6124554382979335
-0.5257237870470712
-0.9184764079553717
-0.9741593713979947
-0.6889591356154267
-1.1869757964416783
-0.6871941336535393
-0.333340117087785
-0.6913343527203232
-0.24950629200670799
-0.4414145456247491
-0.5470017107908144
-0.060621512311064024
-0.17419101728424866
-0.4289664230804241
-0.2601877118156604
-0.6732212088512782
-1.0974810206790409
-0.4175929362718903
-0.8094712505175861
0.911741632590299
0.020648660463645167
0.4424686216812979
0.40812724001938755
0.9239317514516469
0.4321365774471953
0.1663148495347633
0.8436225510068344
0.8607828704031057
0.26357177034349616
0.020073366336852194
0.21799878289850264
0.7936473101313997
0.19069431841979687
0.5768069023185196
0.9542654518520807
0.0015739503223447485
0.1012784382866115
0.37096345758054244
0.07410593746249233
0.18589888770620117
0.6080809217305575
0.6548944371533958
0.6185988661715173
0.9914133368647962
0.9976902625169977
0.4214380127231575
0.5275554249975214
0.01910034354430314
0.5222363600776714
0.5667107281794462
0.8485193281673327
0.6042055669618022
0.4235584664637817
0.5359770279612164
0.20421964640992282
0.1684148118365786
0.36216156023739904
0.3433673309031847
0.18744337684529172
0.19026347392173273
0.419468806175124
0.5944567840105983
0.5934477411445418
0.20524968942218275
0.7227167014930272
0.7229537156673757
0.0258962122947532
0.26077558739818246
0.24368974871316396
0.5302346431794657
0.09627345946348295
0.1572663197337741
0.22333824193940022
0.9377761757972725
0.5975033540013819
0.6292351751445274
0.06402093254936675
0.7495564986292986
0.016195803390726037
0.00022758182180717773
0.8730630146996143
0.4858766002739009
0.8260654708075059
0.21127222050638927
0.7570803590010433
1.0755755957612283
0.3416931111985468
1.119234024649482
0.9361827713515438
0.5154380343667058
0.45985112181703325
0.4683503805038268
0.3739515026537024
0.4521333652238162
0.24064607467871985
0.5476074613132972
1.0691043184903415
0.09865084738707357
1.093297082797653
0.1605897998235203
0.1844382705454697
0.704619859525694
0.2748391961100919
0.5843003215208604
0.15100485019383805
0.6493966968100517
0.5472301802603885
0.2273461025037078
0.3120915681081841
0.1593049897405216
0.0806883899372159
0.18534788571116806
0.3595498150079102
0.18302375787350386
0.9360646512966844
0.2344953119515994
0.49056034048503216
0.16448713673937854
0.8192724184287062
0.5711430777839183
0.5710442061138111
0.30727988723232397
0.19447374613184448
0.0381729403246175
0.31062582538367134
0.1983297990760447
0.27804136929825657
-0.07257049459352496
-0.08688107945298289
-0.09168852787025633
-0.08325976223982616
-0.007535687143951658
-0.3355083515012963
-0.09133304240772246
-0.009355343969618317
-0.6198434183175373
-0.5792233123337004
-0.22366782460506787
-0.04183875151513535
-0.4515645122314899
-0.5953671086420286
-0.03950649799566432
-0.04173662883360513
-0.08566644819059342
-0.01417420546584151
-0.05371975197845625
-0.2329839456120543
-0.32719674325495934
-0.242075789155011
-0.5440956659691264
-0.013913794918569266
-0.02022847571067302
-0.4299513288640419
-0.37679239030495
-0.546392956408628
-0.4092959147829114
-0.732202660676668
-0.6955474915553559
-0.2029482468489007
-0.4176382347499812
-0.2424339707933105
-0.747987298696488
-0.8942859276447096
-0.10896798196004873
-0.9598515985765841
-0.4062717853327255
-0.8847595723156559
-0.6852856236986523
-0.156761923057183
-0.42022974808358166
-0.1512752163598756
-0.4495264042088843
-0.9706372015545666
-0.30164643427937576
-0.48965016320167193
-1.0428189335455875
-0.5739315555844827
-0.36003413684746083
-0.27705439116282
-1.064945624846532
-1.0571985450570238
-0.7146101938471855
-1.0524242952878287
-0.3744840513014965
-0.017858370783927695
0.0035887460837879938
-0.3164242135832385
0.04782330469276503
0.02786382265368462
-0.0503444138054946
-0.16527367699020576
-0.10736577923575315
-0.27420880646015167
-0.37891250505667456
-0.15964229598684102
-0.10929606670428578
-0.766192055151975
-0.40194893172829327
-0.05198976175867733
-0.06035149397174663
-0.07682881312909717
0.003950144524891996
0.009217489624602383
-0.07628950159491635
-0.04336918081263501
-0.07498177383403075
-0.03279893095218859
-0.07400093464133067
-0.22278652360216125
-0.05230443428201809
-0.17378272008341195
-0.2732163178252237
-0.12392503460105778
-0.5379603280777808
-0.6309869446009027
-0.29742942832891656
-1.0275026928878561
-1.068931971752995
-1.1648533293272523
-0.48218188473421547
-0.951437915189332
-0.05171493347281357
-0.09819102265982708
-0.9906907055778564
-0.968301645437516
-0.9524214903081587
-0.10086352776005361
-0.8465409907107632
-0.7914792582257552
-0.27855708868366436
-0.7603260761173658
-1.064234524050414
-0.5051407693860398
-0.396466840323297
-0.6000908994994095
-0.009105955018644824
-0.004088554835629526
-1.0612870879704392
-0.600941056440191
-0.08761365269571907
-0.6513890918066984
-0.2683290249171501
-0.18941421756070675
-0.8592334445351945
-0.4346884422890211
-0.5353112134542051
-0.13425871733346126
-0.06514198775422855
-0.5613172110764073
-0.23983388858580104
-0.35239717372804213
-0.3903731699109884
-0.2819419336906574
-0.06956930875397346
-0.3535224438682038
-0.3635250759900868
-1.0437205118912996
-0.5487122504902882
-0.5811133464531406
-0.11770755661551693
-0.08248060622381072
-0.3157402495447799
-0.5129009896132033
-0.21133565932120274
-0.32536290812616875
-0.32078104836535776
-0.1877634178360744
-0.02571423437099424
0.05193527343638135
-0.1089951255835601
-0.08725986692633232
0.000554116167775813
0.008353765939154044
0.09135402791441548
0.00924410332330433
0.1662488199230314
0.1288737627796832
0.04003672847049877
0.21441094836297644
0.4603910052653017
-0.015222910043163293
-0.14229366577558175
0.010932377310078492
-0.11015386942836829
-0.2079115459530446
-0.020385779220449738
-0.009346411969299733
0.06885167593483901
0.13534473607861272
0.42173209202484474
0.12385732553173844
0.03228063659848767
0.15796018446293061
0.39533496531577084
-0.741658423948859
-1.0206803530487898
-0.45241193780479516
-1.0925868501239109
-0.11012056401016386
-0.37704507080166694
-0.8932207991079975
-0.7331328955486112
-0.37073751187930104
-0.30684829362553795
-0.5590485191687414
-0.5806989251313165
-0.15140780968078935
-0.21529330415737574
-0.801366662268379
-0.7221983890494701
-1.083151447250358
-0.7908586307058615
-0.9852177215415809
-0.11685980386062504
-0.17712144073031405
-0.055454709660874506
-0.7089332896055228
-0.005002290210003436
-0.10804096625154125
-0.1126739006929926
-0.36474141437006363
-0.0005128289061978264
-0.029752021940221317
-0.018755404804088348
-0.09484876437885385
-0.20868272551401448
-0.0036973557035325498
-0.0048071699529105205
0.09218199551290439
0.06536271415925629
0.2332123287627184
0.17504858507036594
0.0717080347406894
0.20344581457213368
-0.12345372970986346
-0.3452421087448786
-0.04797487770055404
-0.010551201607120185
-0.10556349483782426
-0.044092009989050725
-0.11760172491659505
0.13101342562946802
0.11817423780611616
0.46540381452620805
-0.0005495932107580677
-0.0034380870524013804
0.35817738007812
0.3769853323842825
0.5082498939454122
0.5389210056127391
0.1389979510247418
0.3714734087197208
0.45610653654476935
0.6175397485062543
0.14646762327122123
0.9493505489164287
0.7833509333697177
0.385364973116893
0.7553584955871327
0.9515783696904303
0.1086666748554052
0.4311612042476453
0.06265904536484176
0.19511354038006637
0.6657285934252742
0.03186465946659676
0.17906545988041148
0.6041518108979915
0.27665292628367505
0.2329735507557259
0.13295540673757963
0.19420630650106468
0.955548061347183
0.8225484772388105
0.9085731643169143
0.40234677880254033
0.8246985155459358
0.031376064664144866
0.2529778156682013
0.7904055101536658
0.46141917340357114
0.263938548923377
0.4913024481675757
0.6746007760143168
0.7804269458093027
0.016332476095661266
0.48719027171633383
0.7585770527189281
0.3764840838992908
0.23918832209392182
0.19308742384706548
1.1620916955021332
0.8887890914827392
0.5088232775234343
0.9272610036873952
1.0141434681324832
0.9775175180729708
0.650417375963437
0.38953070835874826
0.04981912889343572
0.6295443347840429
0.24098464075886802
0.32533975444328245
0.13427102765319904
0.45743706241465054
0.49081898226057236
0.12010530308722646
0.5844405460754023
0.1128349386385633
0.12618051473691433
0.23931780411281112
0.3146892834988809
1.0827988446005463
0.6672059061079246
0.7249142813554372
0.9692329572066449
0.47881847137222766
0.5300112134315382
0.1303370558949718
0.2360344596492063
0.6400602972548353
0.5114842433319495
0.019841683518758944
0.07867606053746319
0.18342774677489135
0.3639966416266875
1.1157890880121877
0.3035516687708114
0.8666469025315711
0.8365020229568794
0.17355306351670255
0.3127275898424258
0.24921094603511112
0.7951921132188456
0.09736382163695843
1.089852633187699
1.0150227650465249
0.07159046588197499
0.2473612171001861
0.5191985150363584
0.7216850232563685
0.2705918838496092
0.45532212224974306
0.5909856634117425
0.42151491556203763
0.28884944881045993
0.3463471887447394
0.944024976317158
0.51393275518996
1.1788600174306993
0.6065088175319729
1.0272146437169398
0.25204412876082594
0.7101927323904369
0.4523812642285199
1.0343594392607212
0.5470584802463386
-0.21929156922441534
-1.1183841966441312
-0.5537989898839619
-0.6420926741146231
-0.6232361616315681
-0.8746838396317221
-0.19273491959736097
-0.893541053760086
-0.8130539096510437
-0.004360430226237186
-0.04784644820124239
-0.8663602144658541
-0.6599796204404234
-0.4116609697996025
-0.6659817094940411
-0.6226890867823007
-0.27985782961618233
-0.35193458563049834
-0.15379548438157511
-0.19560985875817974
-0.29178280255131134
-0.8578481043993126
-0.03583133791611625
-0.1463913277929964
-0.03669294155189816
-0.5236369084373602
-0.4850886318085351
-0.2567148920779365
-0.04724145803688568
-0.1206592073748351
-0.017388322159311617
-0.08691751569320781
-0.4095848132971725
-0.042391771142100486
-0.082149890914845
0.06887459504406615
0.03519742665304561
0.024120911707012544
0.013039097144221693
0.029409309958915553
0.1855467466635853
-0.048835074950992464
-0.32758463410622424
-0.25980818034878145
-0.19432735711668184
-0.12974612173045005
-0.09785837218876708
0.02193776416928007
0.21127139183992782
0.24973983506202804
0.09541827175000003
0.22593806478719652
0.3345038086165997
-0.8769713962935927
-0.23035503531696083
-0.14689878594083156
-0.381570547857025
-0.7995503431859642
-0.31325211553193294
-0.15553896762112338
-0.07728018239927735
-0.2581915564384007
-0.2977482882904676
-0.5251701933555482
-0.6430617847790281
-0.31401076239700837
-0.8041507823776367
-0.9871841172999917
-0.9804520225553665
-0.06075790178238493
-0.036015909988724344
-0.7893570296775266
-0.12296175278039789
-0.34569314485701735
-0.38008991673808246
-0.22705711234391923
-0.17414816742788317
-0.6680886996384394
-0.5782862115865642
-0.07156714966738062
-0.2551877576850073
-0.2143955373585689
-0.003616345507018367
-0.031432088894407934
-0.005299418574321542
-0.09556319499203714
0.017871094911934032
0.04214111294650141
0.15403735834629925
-0.02880335967825631
0.050094125246815564
0.1319657883003743
0.025269973793422773
-0.13365735959037311
-0.31372990484792923
-0.07137374789957582
-0.5695024335916556
-0.4158498220426083
-0.27564622826879803
-0.2619091813535544
-0.0769476886522186
0.003417757865945538
0.2296360319508156
0.17358782783320043
0.050341501289451564
0.13307876416064
0.06584441539066742
0.2609674216277097
0.43562873481941433
0.09794362244600105
0.15800339158039683
0.007876264131656442
0.6390421315215365
0.47186042426795904
0.41065271600375175
0.9958173189683505
0.4544649318210496
0.4642433311259563
0.24817493732317286
0.13056461414786522
0.6843579090466411
0.5613805505932087
0.3297882227815074
0.26227049259950586
0.5107409123312189
0.5941190956074699
0.7178061601438709
0.26957840192924404
0.7924623904007886
0.12916942337203924
0.1977518584854005
0.059144101616683764
1.041007551945785
0.047212044961868
0.23869823586884545
1.1531233360195423
0.3409399700612439
0.6427820549022366
0.16511805213487044
0.568343767375919
0.16249599164081202
0.893347836179405
0.2777712721068806
0.6219736123818032
0.010403626925885352
0.2577431487798499
0.44741683190106213
0.49392012526091433
0.9551766501024697
0.7035856740104122
0.2266593039024341
1.173841933613046
0.31269973527342726
0.08385806337528834
0.7077542626128352
0.45155524815346576
1.0140441473974569
0.7006767600966585
0.4987796834004771
0.7868639689341702
0.3280799834735005
0.17008028673816067
0.39890173062585976
0.3835044388710293
0.16709626210057152
0.2765747361997635
0.6803812670568571
0.3677402322858483
0.08753707202348253
0.08731709370843788
0.8500890626301528
0.09132634798597031
0.6603267234503851
0.27359342326496555
0.18455291609118607
0.057370126372025036
0.1458964913273626
0.16737041841266737
0.11227579880024464
0.5663963360782572
0.027297121868465064
0.14074832643738933
0.2648617527434847
0.22473067264702007
0.573303438506568
0.4896754512294304
0.9675521305382525
0.0836387318857896
1.1059349740901205
0.6223019410136685
0.05796262248685046
0.4200260718446507
0.563281364439173
0.36455866904623396
0.07582423472195503
0.8799779817393135
1.0666360774687558
1.113936855290877
0.9617543766403128
0.9040036690819075
0.10180364815953553
1.117359540889185
0.18999576665610177
0.14050283151010998
0.07262568095086065
0.5572659559508707
0.09994774928683038
0.4087333630944667
0.07081540479745817
0.999100753346198
0.2861114498920921
0.9524145956647945
0.3351968998872861
0.18172650595532844
0.9249073371897206
0.4684916716883322
0.9198090053221116
0.5174524937633527
0.7166533077459171
0.19887197900719125
0.4714466366779742
1.1246079590205558
0.7804440780091667
0.5920839902228346
0.44317514107080386
0.1003375804536611
0.2236599981352499
0.29301238466079993
0.20300046388257356
0.4212759760068194
0.28558654285101737
0.7263861963326248
0.6757129201648079
0.3340019396770196
0.22473262711709796
0.1388701384865989
0.9499229312951497
0.8805485666492435
0.7347135416969783
0.25917487698108455
0.022778743556405568
0.5143948908803816
0.08196662855348114
0.8951894096602296
0.04614199192219712
0.41597823267677037
0.6740962798876798
0.47402137707692593
0.36329031834441117
0.026951965942986007
0.14423771678533645
0.4690447085495763
0.10723349782186552
0.15321945083851946
0.1407864469719291
0.3376035035124767
0.33300914450499064
0.7910550868678797
0.8698995255574122
0.30930079504456187
0.683839855708058
0.17869276383685664
0.40864033425491975
0.08592077936168405
0.12752317039436395
0.26940671116904846
0.08199175642255407
1.0367395631275904
0.05178510513355436
0.15477686167704152
0.7795311147545085
0.801601888622873
0.2611319842468714
0.7889639720823687
0.7127276155310519
0.3436227478193365
0.8714605592000159
0.8177260218268513
0.5496842663116839
0.5223438413606956
0.22983557096828588
0.3985107242118581
0.9121213225207263
0.9204457856225798
0.6573978071823767
0.1803355430192304
0.2059963241210296
0.4921682462589281
0.6260170175440398
0.6814477800661977
0.5277900373703496
0.9512924470724162
1.033916978510572
0.28523871913517945
0.6316293938559445
0.004815575650084592
0.7526153817917246
0.7242019027935905
0.5261166567975442
0.03281213055877839
0.1785245078438443
0.648571053966409
0.38628076326636385
0.1809678228297972
0.15589000706982747
0.27492262055854494
0.004174999912205339
0.09339301672525582
0.214186272325882
0.7829856351183071
0.7480049887684006
0.8692708306949097
0.9236296221187319
0.20035586292949661
0.5821394825565602
0.5552678112680319
0.4374915328706944
0.04354868428813833
0.1462067655708885
0.09055968476131797
0.23026810561856564
0.23179343481788378
0.05602283042889405
0.13321973294699704
-0.09224081901714815
-0.04998610078745342
-0.001740687499732808
0.0034937594628727964
-0.2537771464445234
-0.11231867024779074
-0.14826834264987607
-0.28935366053626776
-0.07038542622930614
-0.26087960710276703
-0.07502910454652552
-0.5411126303738071
0.09771875670990925
0.02436974004535059
-0.011596859814698745
-0.08595663908249798
0.02374793910901475
-0.003322259687308649
-0.1027752752907643
-0.17388139269578737
-0.27476045071484323
-0.5153049939044624
-0.20749805291023227
-0.390885779953761
-0.1066243232836304
-0.35573736944224477
-0.787189141720578
-0.639778846885272
-0.20307612782445147
-0.7978711977444365
-0.39884797366271557
-0.024502991713025096
-0.5482989704282766
-1.1475989695132427
-0.40500002234932825
-0.29507775157693245
-0.42369461710178113
-0.5248172407622341
-0.8740753237647527
-0.5394159899476542
-0.6088863476000799
-0.1518790392667578
-0.7032135856277414
-0.7311708072617699
-0.8083404755814391
-0.9309582881706053
-0.43112193296707096
-0.5075859600759467
-0.2501224201636827
-0.2344384056600638
-1.0600419171030908
-0.6796891867768106
-0.8201753109446616
-0.2933545777412322
0.02236601504273885
0.03197898366905108
-0.0569131724022356
0.033416544788432
0.03322224260068637
-0.09842917556868114
-0.023349875305087194
-0.2534507968580304
-0.005477419833718856
-0.36847207785449115
-0.45063497718524825
-0.10327779508282814
-0.11330086639411314
-0.46149582957809104
0.003908564352623172
0.014596991950606228
-0.06924241187005865
0.10106540305751441
0.019543707148167846
-0.03679766864293089
-0.012704795259441378
-0.06598518760701674
-0.11186435675382063
-0.42596225038262986
-0.11965385014233072
-0.20934477910442661
-0.0784935374514569
-0.20186819307037118
-0.664264367791758
-0.4359543423866845
-0.4734123584502065
-0.6474311404927126
-0.5343966461274695
-0.5645372693397278
-0.23159876257082018
-1.125429830995317
-0.8154610773134155
-0.6127790919740534
-0.16991646105221958
-0.5019072179513129
-1.1153693412218266
-0.9822264779183444
-0.6503744625156899
-0.0418930536087845
-0.4742420790603157
-0.741264868586449
-0.3571633337789196
-1.012664126107682
-0.5457978820611222
-0.21744976928732626
-0.21030574692002577
-0.2656597834758305
-0.9304543025834041
-1.060432385417191
-0.32370770215367456
0.16301832446644807
0.6655836985048044
0.4303730394160186
0.44396453503584127
0.36582109363873655
0.5321812242170405
0.8318337025221237
1.0782887576009685
0.39229107521961415
0.9185210530222101
0.39040176294659895
0.5206782293469011
0.03714976161886601
0.6049835986364843
0.4525916105275638
0.4831494809229758
1.1413036874545481
0.08066037637920569
1.0231291158822386
0.583644722330409
0.6570977649473635
7.556167777800186e-05
0.08500205405325864
0.4299656978427917
0.2264733788942799
1.1746791250661064
0.6450845311746282
0.6471579543977809
0.017515115935556345
0.9037897663787573
0.2607706063062514
0.6637730407710476
0.8325528620149149
0.4113937932967803
0.028081412599708436
0.1744086617464231
0.04049231563683123
0.401787391650379
0.03390772986434098
0.04148228623965951
0.10084714590961155
0.2924754959230114
0.3100038160717174
0.23356779721525098
0.3948426630691932
0.6326325714020867
0.715969000554304
0.3619869981798889
0.03425178598701535
0.49691674207918296
0.2489486121707548
0.3293162770620645
0.37774054611038105
0.21552172480374285
0.09431520669388789
1.026913554074471
1.1436284076645806
0.004720127158827546
0.23687777261231122
1.037454669911718
1.013402310938195
0.5864109031829589
0.880436590557844
0.5035511768246163
0.16187281718396038
0.10799042730698637
1.014134938130062
0.6557208702393543
0.3217525892761986
0.30495814083652156
0.5387216646999227
0.46934668870132934
0.6129941203558458
0.14804696684133523
0.7236147076213446
0.46039857241884247
0.7225965789316163
0.0643197546899293
0.4561103042842384
0.11525724708242338
0.25500440441419775
0.6393077457524199
0.4957498312112807
0.3949814676781726
0.5505109299646765
0.4952293613582791
0.21680863203558465
0.05249340128281625
0.052632924796627206
0.09754799879937653
0.27480805550065596
0.15818460665930797
0.029140603378903757
0.7175405418281402
0.1640058116719144
0.7811185066292716
0.10104764483118434
0.823801739617185
0.2647045564627474
0.36789963522661306
0.061652422774296556
0.2212257923255505
0.19675590617160446
0.38119769411259075
0.12739273766413428
0.0016976626688002992
0.013685952599149703
-0.006731379707435851
0.14290656878351105
-0.008333541644151718
-0.015240599766053466
-0.09857801601573483
-0.44010545863800493
-0.6303961493324083
-0.6545252131514295
-0.0908766800880311
-0.08033415091582612
-0.20597624342487025
0.02636125290133988
-0.07088582921044363
-0.026501100892076333
0.17836912570596822
0.029106368578588705
-0.07926449202936567
-0.06993067065619007
-0.10933774550817672
-0.41026127376421945
-0.1906238318606985
-0.21612409364418908
-0.19643467968670486
-0.3289887331194415
-0.007958405488053715
-0.5285235833681831
-0.057940902161226084
-0.08900018602623397
-0.09471030949545738
-0.0695552398801366
-0.2144915602080186
-0.374953245825883
-0.8940530487845734
-0.699023200751395
-1.0830401143566797
-0.9485154656103761
-0.18697461312074426
-1.0501147890744207
-0.3999046901454442
-0.45070135794138433
-0.016377797317127164
-1.0480952312022518
-0.30587115737292037
-0.8250176024373902
-0.21885080441717225
-1.0503150339356337
-0.5833869177610118
-0.18887521629617737
-0.16446369020070964
-0.6946117751912916
-0.8339516330136237
0.058820078277296094
-0.0015481735713907439
-0.11431958363609486
-0.05541343815015239
-0.03481313658184464
-0.004812591760216319
-0.06856756311679015
-0.04602643451515347
-0.269400871541191
-0.6722220760414869
-0.29454326633223016
-0.05424018987811536
-0.18921878792469402
-0.6603949286465532
-0.049578713854916766
-0.01769872453858201
-0.003881783572453931
0.017152154774955644
0.021898272709459144
-0.28573704467039857
-0.20073815665259206
-0.31689853158222314
-0.5168914905786368
-0.5765528195945785
-0.5147996689453899
-0.3471351734765714
-0.20960630730898272
-0.2125375435507342
-0.8305594702378227
-0.17050936308399606
-0.1506446795191472
-0.37709692317047944
-0.24184388966209103
-0.7868417889745184
-1.0829226885063439
-0.12674702481442687
-0.4732479697561725
-0.6403269483061748
-1.0098645059114044
-0.6308592053421748
-0.7978383549199278
-0.18085816708627941
-0.008838382938234215
-0.08826805278112262
-0.688304233463434
-0.18340615174876207
-0.3364936334828218
-0.6043647182586345
-1.1449834638850704
-0.40181724927218737
-0.23844219136350672
-0.9529404914435918
-1.084458257721797
-0.0877075944656805
-0.8709304315174887
-0.7322042010456626
-0.1259191075240291
-1.1743358186080894
-0.7523508413470313
-0.31420406460525113
-0.5533498970802836
-0.6396676073425295
-0.5846704583805679
-0.17682061670178517
-0.7229808383408499
-0.26135453543898757
-0.5054172159190764
-0.15175232792811258
-0.8076763702138053
-1.0834444772165381
-0.058780003248003816
-0.8363408137421734
-1.0015167702844965
-0.8722949356930497
-0.4574504967173222
-0.07249910894698045
-0.357471406177712
-0.28960363150218416
-0.8271612572382409
-0.7848845165615523
-0.08195627680605075
-0.14782699644785788
-0.10168035723906158
-0.1889204485739132
-0.02626153203128909
-0.5088732172708813
-0.05584173134940295
-0.05922829124958807
-0.13268374043677114
-0.025135995515662583
0.1437113617585583
0.07084077107174487
0.028915053965372882
0.05216025150157128
0.09028455985092908
-0.4597444503894701
-0.656585037539089
-0.015971334183578913
-0.047921223302483884
-0.38660126112460896
-0.4486268685546698
-0.05865846819659594
-0.12742950696355787
0.01354812335506411
-0.003126605500149771
0.05999129075387725
-0.10636651494748992
0.013499860854568575
0.25451353197957416
0.22492412024704622
-0.6885342322501852
-0.3170121927046052
-0.1712251669416838
-0.3763214856556203
-0.21887306043333282
-0.34389638294534347
-0.18492378780025062
-0.7870114910858977
-0.26530342839731347
-0.34743953644839715
-0.5489385996845325
-0.22776611020687296
-0.3268851095338876
-0.7169024152730328
-0.03403184233554356
-0.06013942936542273
-0.5358980261223412
-0.507665684755061
-0.9827903675305563
-0.8230844549270697
-0.7101124714747219
-0.06417845483672883
-0.5117713812408162
-0.06646165685462294
-0.8956636428288928
-0.34138329265153217
-0.0762661990626695
-0.05166680336182738
-0.4251614671954767
-0.20733343187718994
-0.039724240381936
-0.4872745175876432
-0.24229330181175396
-0.23540294804716866
-0.021617365846109387
0.017824966385954506
0.1195325986439813
0.21699640354536948
0.005701629631117962
0.050156632850664365
0.10289792210149099
-0.1439409279625371
-0.20792198250607388
-0.17800931536294956
-0.15433455040778615
-0.41901233781915165
-0.08774170586461626
-0.061217817540371686
0.0659533398551852
0.0011030570396059903
0.0900866426336317
-0.007674284902257568
-0.023864826225975192
0.030822339745135506
0.03598708524336971
0.1531974671570083
0.7647777374737638
0.6841675113362553
0.10763781684452559
0.19823879611974082
0.13493736073522164
0.6152551638356362
0.0694078921035403
0.17053863954058834
0.5970900505806463
0.4912207395923932
0.18746808199690726
0.898610287042035
0.18265595915436586
0.14706423109746034
0.13907845236233762
0.3482368427065536
0.09660327999223874
0.1805449418881271
0.20505944629728426
0.2761750744501156
0.7330841375444713
0.021882661615456718
0.0784985717050823
0.5138627245085127
0.9376691918563609
0.33509403593929443
1.1809925980571396
0.8213688915447778
0.7746716729524917
0.05252989266541845
0.7277211988785512
0.38141695134741577
0.6739398461448899
0.6170041628353523
0.835777199327498
0.27881447363847317
0.10684988043927018
0.6360764493546076
0.6845854235657691
0.11030694132638827
0.6866388045780991
0.9677193885388231
0.6618812843089547
0.5510319278568445
0.9107996029825007
1.0424271998135928
0.28361147624414834
0.564947896633816
0.9137046648093676
0.4695987654541729
0.2477357551349049
0.3641259257194402
0.38212417291587997
0.7844501301328503
0.20685298104369076
0.39640654836670036
0.14460815393521048
0.6953915528632639
0.8555143779617173
0.8427289667819452
0.8535654977178095
0.8541390311843392
0.23943768515319366
0.1841544635110079
0.11921702678382107
0.29821591059027336
0.2813502098230154
0.2784359342259465
0.35008079805581915
0.7196823518843898
0.5996084821126495
0.6848860933605627
0.5376659321755854
0.54420368227391
0.08006337221000571
0.054091398998557715
0.5227245339524637
1.081175714327638
0.29354707710486444
0.821747550163083
0.8110241430307434
1.1644632706600628
0.6057654101913299
0.7794789647903608
0.9208994288061014
0.4342786780563025
0.4719466337251028
0.11800638914092637
1.0056249997521076
0.7943969821951397
0.8168621969796098
0.7394945338940965
0.16952732927702677
0.5996947947402308
0.3143795009682644
0.3642748764856256
0.1318234810710118
0.8908447996333178
0.7026439248587341
-0.838532291555107
-0.5637277300113284
-0.35691733220520866
-0.6464846380007135
-0.29141246829666095
-0.13427833089738242
-0.08293243659681405
-0.04776888708148202
-0.5869129830177208
-0.3698599740339586
-0.21289958691784674
-0.740855184549238
-0.20941181551822557
-0.6351517366912387
-0.7664960249629916
-0.5099340118214231
-0.011981718747603303
-0.49309493974367136
-0.11732545670589352
-0.2080011331577468
-0.054378862203009304
-0.24950500554471663
-0.22493390721742643
-0.18652921426078592
-0.33997785087934546
-0.7288571059823067
-0.5795269503766759
-0.5069418636074632
-0.5546162231281493
-0.12956937582289826
-0.23069812159750597
-0.0017677115137486811
-0.2611286046696207
-0.13505736047818503
0.020240435166269857
0.09985920842845504
0.046214447165836454
-0.02609345996024292
0.0007918200032278662
0.19755748864515377
-0.0013912812199232516
-0.20621053725989355
-0.34773510234561017
-0.204422634404995
-0.1495244625660957
-0.17830478479883835
-0.42635908048030813
0.06212819311401263
0.036797713604573686
0.12246688173507748
-0.0047826824648406156
0.001377330426495423
0.029202511745174655
-1.0046390207818394
-0.5874207048697164
-0.5462934733148891
-0.8245912792446719
-0.541031840198941
-0.6490622318283649
-0.5698953536116977
-0.6223546348548122
-0.23719930885490045
-0.4890747833954513
-0.5082642434266685
-0.6122769078024827
-0.13531663197174376
-0.48372034193662855
-0.8667814377906085
-1.0641707772142186
-0.8945804279398272
-0.032859204090862223
-0.049982981008568274
-1.0706298188666052
-0.5616840230951726
-0.43447695879204634
-0.7879227411579587
-0.3772295628059024
-0.27355702392861786
-0.4267334618639773
-0.36769410761749216
-0.1751631596551966
-0.002108074464741382
-0.32265338912715197
-0.06718370610542404
-0.1649756000049378
-0.10527771181132192
-0.014602505756204726
0.11895401204825926
0.006398394094506045
-0.03477565489238352
0.0029137677874599235
0.04692276952338875
-0.28629195184676187
-0.4084597624265658
-0.1881003315429106
-0.043194906616461075
-0.1715253998771558
-0.08226992491359068
-0.1944486956565563
-0.040917064521359854
0.09033738542022172
0.1480270453815286
0.07502477325294411
0.018484967081297394
0.26748089593916585
0.03966207838982928
0.36856049649781475
0.16019054338714925
0.06947710675329441
0.43788634110951574
0.005877314641526905
0.8032564706859605
0.3867292387560467
0.017795435362060512
0.5150916001885065
0.7413438893886884
0.5942271908730792
0.19208697143346404
0.05263622870340668
0.5436361210085143
0.10131201770254712
0.2152042246560483
0.2755943680929439
0.655120584167256
0.41707074622510026
0.05496233418433416
0.29129785505763617
0.006832081629978989
0.6239391150783502
0.47040860555501357
0.6987363984802611
0.4972762020407881
0.47369542937948644
1.0683391749446562
0.7780573134332682
0.4694106301825639
0.047635209215806586
0.9395079645249803
0.10425543478571007
1.000654968507492
0.24287675182043317
0.5023843099731944
0.20476184329242036
1.0322306555015177
0.9867338474507856
0.5217489750569849
0.7890235294940675
1.1532497773048112
0.26033805149276007
0.3050941190393432
0.42789535983692206
0.2872058657710923
0.5124190948058972
1.0543297640545366
0.08563158555075716
0.11499456464798735
0.5903978379012964
0.09018424538166499
0.052287307027012786
0.380603033318958
0.26515885222690433
0.6491904971449884
0.775846159439694
0.8935946204173877
1.033073191399966
0.3559324120432096
0.11732224199372464
0.21535786483572703
0.10426071615624755
0.2763283525670915
0.06646530625284934
0.045552804141557934
0.0958682400264251
0.54384970044995
0.6631081642962433
0.15941285259818902
0.4517147917351591
0.12535642483632303
0.9346002920277336
0.7270403900211774
0.5768164166167877
0.7265158905273262
0.9749192292395625
1.1616205661583188
0.7906784246004525
0.45367888744522494
1.025982905097772
0.8019101443800926
0.9353085407701198
0.2268118547698048
0.7490893139418091
0.22289938027148964
0.05392435921605515
0.8851204778228348
0.8165235494282188
1.104800992486047
0.7218049499571945
1.0317676124764859
0.85037966494284
1.1160922045483108
0.4998754584466055
0.30421992021140754
0.5445976561046352
0.14207429561728432
0.11204800048279052
0.5515860501572065
0.3897031391286485
0.22800356616788192
0.22844667446333633
0.28709044462329114
0.3090384625567302
0.4952083189912899
0.17863845409930026
0.05492601385043041
0.023621372521143286
-0.0084126708716057
0.0013199013619916414
0.1292903598159545
0.17385790645099924
-0.00030291815554758984
0.0018287516753741646
0.003454200725517632
0.1418653604912745
0.3029082966974223
0.3154188054842116
0.6840667300209757
0.4867809453656688
0.21231887166357713
0.03062562646421768
-0.0007810611429977489
-0.02183382257021616
0.05715308226782193
0.01073710082262923
-0.06300313312125379
-0.05016625472778174
-0.3301582957887816
-0.437712617819937
-0.4896137713250504
-0.1092179520392608
-0.23315564289354543
-0.10190263325898764
-0.4776145096159108
-0.505313136897223
-0.5892880712947509
-0.7537762514630862
-0.6020531791415666
-0.47673414007774717
-0.8959336184474315
-0.41672518939061803
-0.011411863974877456
-0.0031140255418135596
-0.392068884079052
-0.5747164407269661
-0.028611813757552583
-0.19862368113396997
-0.129822591675667
-0.57442493063408
-0.17352023368997227
-0.05810102543971872
-0.32361200410650454
-0.3616942019386618
-0.7146563036314119
-0.41909125698672095
-0.14971811583055325
0.4647201944941784
0.749182020146937
0.0039798566545864115
0.2078524879462578
0.7101926732479577
0.23241398745033853
0.42300966798522627
0.07067234560322541
0.21157340916100648
-0.025506867583112734
-0.09267398217248808
0.33429737782027985
0.009279135213953935
-0.011084160951476815
0.09500418449795892
0.11621057301332076
0.31676102306241466
0.25899324480659225
0.06957286364725244
0.49300644863072446
0.2807727141644512
0.2628907419972696
0.017432690242805648
0.01862887043840186
0.24447504885853683
0.05570891861016805
0.10176034768433927
-0.16450539197354916
-0.14885213249638815
-0.35279609263444695
-0.32151181556789793
-0.15436095949865558
-0.3392851122236679
-0.09596145926546013
-0.3795028291584505
-0.47887581269195667
-0.12030971009542885
-0.04386060600474925
-0.062328612149493576
-0.5324691907398155
-0.7893215229104378
-0.050608684812189074
-0.2777121730065658
-0.07375443287027843
-0.20556213535070572
-0.2296837219871864
-0.2916348775121867
-0.31600144302718697
-0.1705711452553352
-0.05701838651858816
-0.4281868272032684
-0.2949818541007534
-0.07321087759266452
-0.013338446249751801
-0.21436771218500175
-0.6709915651533965
-0.22761335329775637
-1.0764939944725838
-0.7726550078098225
-0.5405340066036871
-0.35213150418773237
-0.14030537817863897
-0.09668814265667616
-0.5542935453031596
-0.2456931230667027
-0.42749845944860493
-1.1265993212466436
-0.1065175186285303
-0.509755148719271
-1.0966708695713254
-0.840303767102413
-0.6931285225400516
-0.5960052063816815
-0.8309030192733504
-0.003581522152495575
-0.6395790896193254
-0.92895431556423
-0.8810559709424824
-0.8226853916544896
-0.08205331155612704
-0.5644844241760288
-0.5383140744868732
-0.24647047435745245
-0.49726445290993415
-0.429128183873895
-0.3334142706314308
-0.6972949692154589
-0.2320911508596018
-0.393091898093834
-0.02526896927279966
-0.29157823147537726
-0.12871395544164885
-0.1932575833065727
-0.6748416109136238
-0.26372566508370404
-0.053061888507865015
-0.507901012352264
-0.19234633960722988
-0.09997153519258788
-0.0542701662056218
-0.524373637209265
-0.3989312678852848
-0.2988528968854267
-0.6552752676048542
-0.3737274149663848
-0.014503129537771053
-0.20072226314640093
-0.49176610255180525
-0.5317435802255497
-0.1748720010197931
-0.7267800132370621
-0.033912811370152854
-0.970828550361042
-0.2848583537805389
-0.04531053762325379
-0.403573136269996
-1.114923576863371
-1.0195230062473506
-0.24539756862336362
-0.5065997138491424
-0.0368312584558301
-0.9683839543765984
-0.9777503565106952
-0.19949637075393903
-0.3891383752429323
-0.5863640374717233
-0.3307020651607934
-0.15198301302739955
-0.373239699631155
-0.24340263931472564
-0.7119531437611616
-0.1520139111606014
-0.5128229906822374
-0.7193004857243502
-1.040729727442047
-0.7684959726085813
-0.45465394287085625
-0.21992831463226106
-0.9165438705132462
-0.18357868170671324
-0.6289846140363909
-0.6764020612470686
-0.2385992106829366
-0.21723389054984954
-0.3228573408977478
-0.586084458048046
-0.21484267846944186
-0.4812777860487149
-0.3486398898659531
-0.7476994359766509
-0.556033851279373
-0.4175550974166292
-0.28447577789923706
-0.209684863307002
-0.6613475814737828
-0.042630431917803205
-0.7178636125034417
-0.476669794080857
-0.25431515503249436
-0.5338790173204941
-0.7976228144393044
-0.13173827639551422
-0.26193485298236424
-0.04501677021042115
-0.49360682149221247
-0.7789827182581592
-0.44110706853848675
-0.05020525656570535
0.09570648340825005
0.6023142194190069
0.03863488649766475
0.3257105496934212
0.102269647908496
0.17429507624507798
0.4241552638009098
0.22446701727876736
0.22427358872985373
0.0063372960855722915
0.209441069357114
0.04478357731972132
0.0988160009773236
0.10238211901309985
0.42793440842515595
0.5412080221784245
0.2751941549102022
0.5105744518726171
0.5711669762537632
0.513248408546125
0.19829550178711883
0.1670890611693636
0.10569627256921883
0.1826125858157752
0.3909072267246035
0.0013445545796638768
-0.06788280427039778
-0.01379119015835445
-0.18526633393906863
-0.0016403992916573906
-0.017447579125568602
-0.00535827871562819
-0.39017937972981426
-0.21705867628589373
-0.41956732528465074
-0.48358512048220054
-0.21503560216064918
-0.03409355389943358
-0.6952847884096988
-0.29148769952135806
-0.22739670556997968
-0.09728330268847696
-0.05436736483157722
-0.2946460756949281
-0.013915611425746642
0.0031928858567316257
-0.14108693930845753
-0.10124924109198354
-0.1641250373010677
-0.08971867393515565
-0.1658824301959961
-0.09133868449689687
-0.502615225214736
-0.1143942607827167
-0.671698411330783
0.4695317640691001
0.5298201200750695
