0.016545277109189016
0.07100899747778804
-0.14075531097087882
-0.064115545085814
0.172259355726079
-0.02708666553976396
-0.04419508143923243
-0.00836590185890361
-0.18853034651129308
-0.417142132081677
-0.19692208515457735
-0.18723354437815326
-0.38888545671080393
0.17539949405205496
0.08267628835774615
-0.038806685097117925
-0.04619148892688435
0.06798909275462721
0.006258682491580415
-0.05835211332355098
-0.22486365829906393
-0.13106119495657254
-0.12399554680352542
-0.12600000264779068
-0.13387604353827828
-0.40962738075210114
-0.07494556409291087
-0.40885143896634246
-0.010243251177965143
-0.19061862855428752
-0.06767719632675936
-0.5250927564156624
-0.5618002158176463
-0.33526504548287966
-0.17018584099426337
-0.07976947919739608
-0.3865690998065694
-0.2432162005064038
-0.8715175714472098
-0.11494959040847655
-0.29583030226346685
-0.33126281526032036
-0.09862342555982785
-0.18382691984733365
-0.474934935514151
-0.011287891073570191
-0.7528223398440917
-0.13999232645406984
-0.48162822572956127
-0.9109611101195092
-0.02783168985084537
-0.007001312458182546
-0.1738084191624817
0.06776331972448299
0.02676036450236505
-0.056541182085047305
0.11941412251673703
0.0671397633279644
-0.026289751060058417
-0.25115508490283206
-0.2415778362226989
-0.09997972916069363
-0.157881961217831
-0.1391304160104009
-0.19532272031460707
-0.2539589282515273
0.08351851831661807
0.026269499593448837
0.0007776943698053876
0.01070552238366446
-0.008323167897138354
-0.010381750688694652
-0.000774285277940542
-0.07152503876202082
-0.010585098580033125
-0.05924520054269898
-0.04115121011230142
0.016802077156020584
0.005684439917066052
-0.4918191999188296
-0.29047749100617687
-0.30804875789779235
-0.2843803255274616
-0.5461355989287262
-0.053850917886243244
-0.26421112410078856
-0.8855382159405302
-0.5712445715163514
-0.9401756979910876
-0.49683558742706735
-0.7860309631669151
-0.5119875421551668
-0.9125355824753114
-0.09112049780972793
-0.06972524846883582
-0.2632395103219355
-0.08830148559650926
-0.06673104122523649
0.003163487905598247
-0.08785052825728568
-0.1686731209648275
-0.2819875860313538
-0.021007799609541977
-0.037508063821914545
-0.16580549420852975
-0.05458731819518319
-0.07902755790947594
-0.282174178609042
-0.23949169491437516
-0.3954982217217374
-0.016703757353380047
-0.0886895692542532
-0.7576142549901628
-0.690441651857005
-0.16066310895952424
-0.20373966962993165
-0.060154845758675336
-0.20784399874487233
-0.10311822862882845
-0.48274092220313547
-0.5468680506161951
-0.2555524137298153
-0.5707032461924666
-0.10239599162422483
-0.26841447574575583
-0.33855117495194254
-0.9207580328708505
-0.08185043173399321
-0.12669714486577238
-0.435925370745633
-0.3468473300670331
-0.7311598370647114
-0.9725324030521574
-0.496098619728114
-0.4632180582623443
-0.13315576050295003
-0.26688012318389254
-0.10442623325886372
-0.0035563194948090167
-0.2564827124378129
-0.17765438927064026
-0.14306160942998
-0.04431554668931923
0.007321696281442539
0.0068967375898015566
0.031572442354580586
-0.00010131790108414284
-0.0029460725928004603
0.07565768685341073
0.010570579701655026
-0.3254849961981397
-0.20370987012463015
-0.06022852509454003
-0.5803919192132239
-0.4225445647831135
-0.21902900685095864
-0.14325738780304978
0.013135153362380289
0.018862006210393755
0.04748573613266626
-0.04437370552708684
-0.022108536950654248
0.18094001494873937
0.12227896340381042
-0.6639442638104786
-0.5245977630928575
-0.09610962442607358
-0.25527396897659493
-0.6190297811644921
-0.8816160025049293
-0.9949607702777093
-0.44211393415921607
-0.5553484297125916
-0.5081398716765098
-0.2826056915054292
-0.4120892397541879
-0.4848174061002894
-0.16602159360755545
-0.5383650712211118
-0.5526934185003748
-0.07934456088834943
-0.07504080611041561
-0.3146572708953406
-0.24575390746646048
-0.2846183443959477
-0.5472906501744917
-0.424253572600617
-0.24881365448022874
-0.21536548241071793
-0.10359446894972053
-0.5990975859448142
-0.5693698562816585
-0.21912171224844515
-0.19467309548281378
-0.26756549821133213
-0.25737067993153573
-0.3312721645029694
-0.016424907082453852
-0.12632699812192572
0.05923219016708784
0.1766755782700371
-0.025882739761632145
0.006834026974419637
0.015602471460761096
-0.43981597611453876
-0.41582098104802184
-0.07551978736328883
-0.05825015335718305
-0.03127736259781784
-0.004849695203125112
-0.04767247473682352
-0.12276000980054844
-0.10972980859023897
-0.005789920613994391
-0.0028895214987542097
-0.017478176807991536
-0.021339817883984386
-0.005443994229124983
-0.06532271276999752
-0.04912989309291581
-0.005717048461303409
-0.02878733636242284
-0.07731481432074719
-0.11428016211109074
-0.010751715960068993
0.015922821211423833
0.037559856592921013
0.06791943164402256
0.04230691356318904
0.013624903502214401
0.04646537643880136
0.27332921276477185
-0.19635938639007985
-0.03816705474271417
-0.03101210742681944
-0.18069631391318844
-0.005541179392407409
-0.007815609434983722
0.05340513940621273
0.03392860262341524
0.4064419617126483
0.1334701744812007
0.04419680764415601
0.37102307589188643
0.4147102907582479
0.043421626315024615
0.030518214005990182
0.23980084464462176
0.14975752590329244
0.3843850402466827
0.4197379847840299
0.0010188382884113343
0.01744015031365599
0.03381249870987776
0.011171590168592064
0.2545550755905929
0.1641434704859243
0.24731193421197245
0.26665336888376506
0.28910259879782335
0.2783800976523863
0.3985083640658789
0.20257003812355898
0.37634074524749533
0.46130426736903474
0.34717634802857267
0.10987065280587414
0.5359444201157388
0.6243424647061406
0.41655096855049156
0.6795297357635256
0.5560100791082836
-0.2571395114871661
-0.0051349370824785
-0.003402906257994474
-0.2961613410663895
-0.05565412851806867
-0.005805243534541898
-0.005877296935915587
0.21661128080453299
0.04573768543247451
0.510891712706046
0.12335917142551539
0.19144252986144966
0.3073132493360542
0.005478249553569122
-0.0908659574637524
-0.0044537388658444765
-0.042923549005090926
-0.13830120631113857
-0.026503180747477678
-0.017449471102298515
-0.004048961968053309
0.101140609919564
0.20844895341746075
0.06938425718295796
0.005522081779406978
0.059931210815304725
0.10286483421121831
0.23395589062074162
0.6097032052988566
0.17180681457930216
0.13497599205534924
0.07293506537763311
0.16559589670854763
0.47687434600850614
0.7588399618714049
0.7835508388946729
1.0808831824849356
0.9689401166531215
0.08609247459135884
0.9386229430277342
0.513692090934645
0.33775240334896534
0.12652623091186635
0.13038648834154576
0.10768855619043995
0.10292221917502671
0.1225048665089307
0.7581799158742356
0.007754140008479153
0.5584624894328747
0.541188531361395
0.15359251297130527
0.5779042889853078
0.03333837033113354
0.04174435715432642
0.004316804067133861
0.05307566629887755
0.14046816011160984
0.05649502742720476
0.3203656933296209
0.0001759708187576051
0.07299177871503569
-0.032550118815666884
-0.006258894950370612
0.12938188129054626
0.4564607680528438
0.15410578102826036
0.16658344313050175
0.45867621577042
0.18513557813790446
0.4626051834377601
0.08150037246207405
1.0299627027218943
0.5736264236421565
0.1518678280226983
0.32595171610414025
0.3495214468977295
0.6047095953961569
0.7416187126759696
0.26816456660044863
0.14351894988693673
0.4197354694821083
-0.0772550570642023
0.011374588741881093
-0.028067383726856927
-0.004350075662612584
0.1175596826563356
0.28963805849786156
0.12180549048702606
-0.038118178457615295
-0.004879375919603488
0.04507229412122423
0.010903542726384883
0.025021047528054865
0.041462439434234534
-0.0050910815440531835
-0.027863887545266527
0.20983944131478008
0.12184317294640623
0.3399612573764417
0.5389159089780229
0.246724237715446
0.15019273227710683
0.3485442817230531
0.03083735043525306
0.0035512537714374836
0.0066338839531010696
0.08695342833260862
0.1368255309077213
0.0011986282898122779
0.04215977711719273
0.1646245156425177
0.5915533941750574
0.8999548852763016
0.47555015007141704
0.0002935654418207394
0.07957857306417943
1.008694006402927
1.0076547481540763
0.7856023708613603
0.5839847632780711
0.0956381860008148
0.02544205232292923
0.5039486731533003
0.07983106095952879
0.7950509102570963
0.1475891113187195
0.7403169584046493
0.2744649961022988
0.6104691292532938
0.38698747242086373
0.9952421359068084
0.44469518255915036
0.1454960255359902
0.05152352690602976
0.18365874589074402
0.46534191087532034
0.6488029064964848
0.5367667421912534
0.0308826028545426
0.35632060254499215
0.2600786708716918
0.1892684229412331
0.5641700533541786
0.30186529485271624
0.11767348985253258
0.14761807608237473
0.07702904375110356
0.0008610133086753231
0.049400133664320243
-0.005495939664631103
-0.016406451558129614
0.41447314562425924
0.5440205168233799
0.023969811652602962
0.6006500495569139
0.1940696357385994
0.4727360512273675
0.18915370468827145
0.20803851336628817
-0.08567283881052916
0.30659392833779336
0.14953281213251512
-0.003981243871915305
0.05259303057393879
0.1625909589766693
0.01579728015281539
0.0948322248285841
0.20764008383801397
0.007582640971421594
0.18765209867609256
0.3635197297455323
0.13329279834958135
0.3320435127008057
0.09699806650750085
0.38288386387429296
0.5084006788477976
0.04836928110072363
0.4753751932623328
0.31673290623576633
0.3150115817882052
0.35677731376123406
0.29808400529536777
0.14577032667089906
0.2603004742545373
0.013098933395040206
0.4456686792849351
0.1607737540089656
0.125219955444825
0.7912976332258121
0.7579647006714445
0.20318308240082142
0.05116032400402074
0.3280458450998896
0.16012325471379799
0.02648020744907449
0.012612778092996555
0.3153977907543948
0.017697005872928686
0.18761969199473233
0.05081220181330723
0.17688105524514122
0.0061570179711111315
0.07236128640561694
0.6537522925890222
0.364599698565545
0.5080507842074784
0.6451062996385665
0.4543331633634042
0.22613941962242406
0.2487738935852875
0.056396311443552005
0.26699809933882607
1.0166107658654657
0.0970349915962778
0.07997530121219555
0.7846058596559803
0.6956327691842713
0.5838290009652516
0.7328045683232641
0.06969333151982339
0.019934753269097168
0.09074392876977715
0.36336689074381456
0.23399337431439274
0.17345087503265036
0.1902163453321515
0.27908467834308875
0.7339068950579785
0.3668994517377329
0.7066636203244937
0.6353482178300713
0.7268747038293643
0.1848151706992683
0.04846630696181884
0.21819090087237947
0.11238237283078295
0.06392810443185619
0.04301364406565311
0.027796238942585323
0.21146886865228082
0.18491346511483167
0.2097951397908485
0.3693247375252946
0.03369357050855766
0.21002397199989098
0.398314217120257
0.02913198432971441
0.3699318423907267
0.5633498412289089
0.1922866855859184
0.07550379814777981
1.0201979181963758
0.949777957965733
0.12391786170814524
0.21900329964379575
0.2308622875426223
0.36272066408432213
0.2442940954612537
0.29596269384367674
0.2728543157282088
0.508011177787016
0.3876529501115001
0.46142445695432427
0.3159927926893156
0.3572060334372955
0.221482082078851
0.42012933321814916
0.5099091317048244
0.5693543511874256
0.09429990054062812
0.3107466502140647
0.09677091394996246
0.5121368917043195
0.3598789766170661
0.06028835788641607
0.038192188362485134
0.13106080986001842
0.05971004149194451
0.4068414769278631
0.2554252860944506
0.20336723848905663
0.03672102775347593
0.05860518876861275
0.035753150904784536
0.03177308871677885
0.18030208369747894
0.06590677204514525
0.12952217865643584
0.3237196281448462
0.6873078511459012
0.5085925867607188
0.11123548474735831
0.2768097701101376
0.019657848212789288
0.5043086214954592
0.049150855406304185
0.10533276720216199
0.015568908327700332
0.13044572782490355
0.24048537327423064
0.12809462465968788
0.13627314595009873
-0.001723197157188644
-0.015319886749157524
-0.026640014323915665
0.004224733220474338
0.010286562078190257
-0.006564159137849028
-0.10457995980646782
0.007261067043561031
-0.0012061143619452044
-0.014523425136012912
-0.05227668384296285
-0.04597213976544915
-0.01892947655231044
-0.037355034756461694
-0.011703706901378058
0.07253181998505287
-0.11010270328149828
-0.024436473908015198
-0.009084601148642395
-0.049932222703198435
-0.12516472782675803
-0.19230386825890833
-0.07081169321804812
-0.4131472037804463
-0.33599645662123373
-0.19867297847135446
-0.5179258417461501
-0.27288813741405604
0.6921980700067057
0.04360615110888156
0.8362299854173817
0.29680266324182486
0.32720447539130565
0.7397095280203844
0.10884673825816737
0.6141183274711727
0.09850711150204149
0.010948229153373077
0.23726168630086503
0.19987893597081893
0.09474481548116573
0.030308178918632807
0.27728331539530987
0.01101347422929119
0.24114633462071133
0.40034743355900854
0.5679710436230871
0.17134616778703288
0.30470126938346787
0.13199220248480653
0.033972205682332245
0.09490237250889323
0.36756611822625446
0.21206740033973254
0.2654030743114647
0.0028713916282351874
0.004295064010479704
-0.31580135767512296
-0.2311389115306603
0.030741014734413926
0.017398750724979276
-0.11941273170837044
-0.025464428241435275
-0.17959556241034577
-0.5851040841541529
-0.5711077838467528
-0.2678003054520121
-0.6107929018622845
-0.3915320070538549
0.008654977389940172
-0.11370559883006963
-0.06763343011770333
0.00159907786501271
-0.07810813891571844
-0.07268106524436843
-0.3655060238504455
-0.1891939133654005
-0.3020365407905432
-0.22422563224181533
-0.21861255143764363
-0.29850418367814435
0.02547585986134941
0.00793100805453324
0.10886697487736662
0.023675443312726228
-0.016273894042759328
-0.07384938061050247
-0.011335073444164455
-0.11712670251478449
0.0703237705828622
0.13134306095769174
0.08670835737097042
-0.006775132596273346
-0.06557759595796513
-0.023635121730793514
-0.10973732009494457
-0.07056496718298569
-0.12600251294062342
-0.16087148440638394
-0.18037492642530384
-0.14500615940981942
-0.1607481250183486
-0.16370838159559556
-0.40513555232299553
-0.035654920203740295
-0.1538675934180908
-0.4635312025509739
-0.3491108611592302
-0.3090648347711525
0.039759311965658364
0.18207336215054928
0.21572195118624382
0.10729416566667217
-0.07918618030253162
0.00419366370086394
-0.10290528390102957
0.2309961507787703
0.2557401193752924
0.013958558204610375
0.08340980021573711
-0.0724881929364834
0.0025981061505585866
-0.010389784346115398
-0.1396416692361825
-0.3133712028017542
-0.06993013554136941
-0.059366841303241075
-0.09577455079136843
-0.08999840325288157
-0.15603492490537743
-0.356232244395905
-0.6107521735048246
-0.33475709772251755
-0.139704302967268
-0.08152135545288974
-0.11287984219209211
-0.1883689139248175
-0.07226771786082697
-0.08020299386478881
-0.34610307960932646
-0.30173113917949407
-0.3263310114804393
-0.5756940001512683
-0.5120444781548406
-0.47471652581995516
-0.7157941393122188
-0.19673764478238973
-0.10824649764355936
-0.218858205087636
-0.07497608553684432
-0.08981363094215436
-0.02100366208343596
-0.19491676995538662
-0.6304337703966743
-0.367330559515432
-0.7557559861564511
-0.06808394414527778
-0.22187153232609244
-0.02473996903734008
-0.6217853128843375
-0.37860056262010844
-0.6031178909103051
-0.6395974320878985
-0.07661944183776472
-0.0916372382626556
-0.28117245449199524
-0.07177534115582683
-0.3535552809532066
-0.3818136834958115
-0.49671821023909496
-0.9475633381081353
-1.1088367203037592
-0.021861507970274464
-0.7352683555984307
-0.6843133005285035
-1.011837672125843
-0.2578772728296926
-0.544466418110893
-0.0866178731210027
-0.4418241462129331
-0.7713920827420769
-1.1582355343910418
-0.6333436849757483
-0.9895684737667421
-0.784032484579628
-0.47245281818163465
-0.625174145820476
-0.9103418709099615
0.20701326021334923
0.12994586131971447
0.1638867901634911
0.10608599258697494
-0.004899779970976621
0.02841373398823551
-0.04954692552391702
0.23154053124276952
0.21151220426016729
0.015333832220982384
0.00918242545519071
0.023811572951198245
0.02144623828044213
0.023637134235781156
-0.15280749641450567
-0.018851425832460616
-0.022281356333217
-0.03386828051405335
-0.3078666852819127
-0.051449976349153374
-0.02819550668773168
-0.0716769524663154
-0.027636554088688696
-0.07342200118008253
-0.018155306690545825
-0.17865363159232517
-0.294138995440101
0.028045383383200537
0.022265284062068992
-0.02663279002935161
0.010781882066852976
0.010831415285103558
-0.013979092244943573
-0.012855992436427268
-0.19078491752111174
-0.1279619695243014
-0.03430364633905725
-0.020332686324537927
-0.05357759382872799
-0.028156052800063634
-0.0019031040300754652
-0.0001498507178840854
-0.0006502249337869264
-0.01762921108959812
0.009270765042915461
-0.0009494955622990696
0.0015966622251642694
0.006781149409875767
-0.001386968008989657
0.034484892200351676
0.0996941673694011
0.14725177068659803
0.042928293781991776
-0.6933114990040644
-0.16138421937856076
-0.04171343879835524
-0.681498732533117
-0.6693338883635255
-0.4922031904387806
-0.36486577249223556
-0.22962105379690897
-0.03800870729533775
-0.24295676660562898
-0.49349402500517475
-0.08031867408811269
-0.3519856830218217
-0.6567750050756062
-0.27052179663047043
-0.5467409405092793
-0.6940199048366731
-0.8451774959548204
-0.6836622288514936
-0.03368965754899717
-0.1053198496475894
-0.020660716060551976
-0.5257990730039114
-0.5651693115832128
-0.5937155520864807
-0.592711452198658
-0.08860150589115627
-0.10602223968603301
0.028496004245765958
0.07993674666788461
-0.013006678532780796
0.0016937259837230747
0.07110275954033789
0.08528744285620878
0.21054945855891605
0.2211865560410142
0.030720445868095934
0.1913243142357686
0.4026252229768414
0.12477153164718666
-0.11755662611794751
-0.028178436718466985
0.009580897388353035
-0.18695400221253244
-0.029007145046776105
-0.010696018642174144
0.1393195074671931
0.41847016749902144
0.3543710319314833
0.15374877326675776
0.2695989705202975
0.35227412439133476
0.5519088719268258
-0.006078879678949497
0.019810944624023743
-0.002661678729991385
0.008929177517247403
0.009776181767672636
0.040525676133077594
0.043287607386672276
0.0027270362031849658
0.005597406261119697
0.06772563917053992
-0.0002495733302050325
-0.0020590397858599287
-0.036337537155510434
-0.05336557969652502
0.03737888130402693
0.2243895116581323
0.008880019133173867
0.004637155760482551
0.015224573710864211
0.1857294319254825
0.045625963388696
-0.01541314623705091
-0.10761803975942548
-0.16278204938689225
-0.04024846417175954
-0.1169545927736064
-0.257646114984897
0.04840932412788637
0.01630210298958924
0.09074590725279248
-0.02077943259595028
-0.15675113235917565
0.007516305246018402
-0.021401451407475954
0.266481087693941
0.10472649466790522
0.001645164712892971
0.03692640384916518
-0.003605721313021723
0.016756123447885046
-0.06805591284549051
-0.04093216636748317
-0.1195276151086052
-0.11059116575134
-0.14247943962453022
-0.2519760174046912
-0.45379459582169795
-0.06740801988633847
-0.46823154712757736
-0.08277930431194486
-0.36716967308467335
-0.5864629166640337
-0.5535481321619453
-0.44418888530209866
0.05445734469423688
0.2502998106926083
0.12524724839706275
0.04055109296141444
0.20215397940568272
0.1773094196763396
0.10995980667510488
-0.024942409365878635
-0.01365025179432459
-0.23420582552746727
-0.3494507639712196
-0.07476385906682247
-0.05446651556481264
-0.3516995405508816
0.30262949095478886
0.13640560018640346
0.013637887518608656
-8.70934793032445e-05
0.11182049058183892
0.05938885432477725
0.12644564660204136
-0.009987325786260173
-0.012958317369016209
-0.24337155957544876
-0.0012748458793127016
-0.04622034627332734
-0.09471313251292467
-0.0405342239212084
-0.44098714369135544
-0.028497347281793043
-0.3648494388667454
-0.585314396411521
-0.09194540437962438
-0.3788270120525738
-0.5387537222083821
-0.23753803430650694
-0.8003457435362903
-0.3430120429513352
-0.3302106485097139
-0.9940814870014727
-0.4689685226704588
-0.2940178388262243
-0.19063452709503123
-0.26497680617902897
-0.5384102797992766
-0.5494204252950018
-0.28428134106632535
-0.6122155621232606
-0.07821575281677465
-0.04197764937675935
-0.2355059342260925
-0.11520461585454528
-0.37153643554887206
-0.7566877198265066
-0.3855923975981121
0.2502763736677892
0.20790693725240064
0.4500993517177043
0.053705933958551354
0.16478635372070347
-0.06780487067810176
0.056817047696811805
0.01130678826331306
0.23884499293845596
0.18658957172658922
0.27134798754175143
0.020060825305770174
0.03921191055934812
0.2237302317450612
-0.022844977695299654
-0.007270418788421561
-0.21158872884566957
-0.0893542600392826
-0.3606021746316217
-0.12948165310100423
-0.1553867294339648
-0.03288215523401148
-0.24719575539142524
-0.04016224612829631
-0.20714664189475115
-0.20423607264212534
-0.05779037380628368
-0.5186662870685621
0.09878975339758737
0.1527106856404473
0.0956066157584389
0.0933680223108505
0.07870429119763193
0.05926315221445163
0.0369389603761868
0.032503051623242414
0.10025113961613968
-0.018769189435971622
0.0020701285019995744
0.023273110496264158
0.0016966791323067263
-0.0012860974011180179
-0.026118078890833844
-0.01029425040476443
-0.08381456585488767
-0.12107680441054135
-0.18988695296203092
-0.09012862866842154
-0.014439115681702055
0.0011076813393703878
6.697522764940501e-05
-0.02219423633831768
-0.02068288335978309
-0.06171466459970402
0.0068737361940718845
-0.004696401957544121
-0.4990489009034054
-0.5396752245648877
-0.041404576441906184
-0.06387096076155029
-0.7020546265952062
-0.8444253600633322
-0.31800979912315436
-0.42436739674480733
-0.6856707177886989
-0.10491735386967267
-0.1966832148371885
-1.026637284186334
-0.59291951137005
-0.23132773151116992
-0.07520155729955497
-0.8007210719517764
-0.35831167472808073
-0.4966916863391927
-0.7890957261590449
-0.6552882349460086
-0.6748510253871225
-0.3223349499396894
-0.6288426581755989
-0.3072555571341055
-0.36613323424334376
-0.940405686669615
-0.5881108081249132
-0.7437739080098907
-0.5069631234583841
-0.499980650444407
-0.21895556535309812
-0.19056273302470203
-0.314409047384588
-0.15555919521143913
-0.1059169952582986
-0.16283328904264074
-0.15086370246730685
0.0033522834239082793
0.004727566564785269
-0.014060024234888772
-0.22392357607719357
-0.061401859190696045
-0.46635338857223374
-0.39329763667341733
-0.47954907083600623
-0.2680450157860642
-0.6795316733740152
-0.17161132761077819
-0.08163959050695824
-0.3127052213814105
-0.010270451894919127
-0.02558898356210432
-0.1223215730770374
-0.016708159551544904
-0.020073423441012792
0.07771614932497263
0.054838063324662976
0.014586363177489157
0.0034187182512603062
0.0017546389334954994
0.015436734229096303
-0.001602301024126434
-0.0048807314815404665
-0.03578559834790169
-0.10003506537068528
-0.0008776233353277971
-0.00023378619518417594
-0.02778158178553573
-0.016272694982725624
-0.12916953751646026
-0.21060246727231863
-0.011391247203620926
-0.017118622507022285
-0.1480600268230956
-0.005286202169515235
-0.07716599461913344
0.0004986748733040843
0.06767366787084977
0.0014440730124102453
0.02089550373134121
0.053472908555436044
0.14273189919879187
0.060696252737917816
-0.17433139163561095
-0.17260759162487524
-0.022407584378491774
-0.04243981630046276
-0.07946676911862097
-0.23495006397786852
-0.004261801212916158
-0.4151959657247444
-0.08563063700650426
-0.1673018818720752
-0.2921170437219789
-0.08806738680690777
-0.5145610992562962
-0.2318801445974372
0.003187034649599016
0.12841676770103086
0.06105766419571389
0.04188952735404155
0.08649418417620787
0.29553309938227657
0.006595429389742638
0.04427978191805542
-0.0018678680307724523
0.029808541914366656
0.31846691212780803
0.09077646022989116
0.44055819042261823
-0.19675842945092772
-0.07791824402663179
0.004487037072910123
-0.09106438994855454
-0.16405211178872547
-0.12485286606001697
0.16696279718332152
0.08028469500871133
0.008422243934986326
0.1059565543149684
0.17780898201303638
0.09791952767153544
-0.10531415157159658
-0.00971697887882829
-0.11000691247387052
-0.2081125510009603
-0.005745614760725426
-0.04977785577433554
0.06698369872081385
0.1715264902685037
0.25357078087569657
0.2894764991356184
0.25708903413387085
0.04403292941228143
0.3234868249857877
0.004693816119298224
0.49292279193290156
0.1706716777628429
0.271503317880994
0.7153823707058339
0.5081475053658632
0.3799797490230901
0.5019271573440847
0.03582468830383044
0.13126723257493705
0.173306449901713
0.7478173667258403
0.11342324190728262
0.5483882544634281
0.6972553038965883
0.1582965424623309
0.41583895613151584
0.6846298784281005
0.4465528486203075
0.6827554789832896
0.40423948143010663
0.5936837014773063
0.2993813563917968
0.7496291462177183
0.5013673848214855
-0.1986908205832697
-0.3605437249019119
-0.698067472274317
-0.41945750565859946
-0.2650170429533601
-0.16664355586700397
-0.6583573637135827
-0.36619397386416913
-0.09252640022275191
-0.4036066120157464
-0.08855840018941878
-0.5701182853396194
-0.2170398368778857
-0.023302673284750653
-0.07915977430220826
-0.11375004053451221
0.08552270465971169
0.004087710225884843
0.11409405580891846
0.08259805836791044
-0.0815255895399552
-0.05008036715555642
-0.19608411864997669
-0.012468018201108072
0.04771774256778469
0.04234058785936605
0.02907419678247516
-0.5898825158159628
-0.1576672688778953
-0.21500626421757046
-0.38652136319038016
-0.42384725496326603
-0.2590735459416374
-0.07093916058501913
-0.0902213394885063
-0.006195981477870532
-0.004569281407736004
-0.21112332235997522
-0.1480603375454441
-0.05830831045025114
-0.3302458105535848
-0.2096505885217443
-0.07103986255381871
-0.036582971990852226
-0.011759315621144755
-0.03291474456494177
-0.0014963166125478273
-0.0014130023721236088
-0.061722500907753344
-0.00366015013462914
-0.007033894251275042
-0.004956755295180716
-0.0036510750957511355
0.02250535146308303
0.537739276355863
0.16829274237728803
0.2601781342425933
0.8492139656882868
0.45877726864263985
0.7396742473733205
0.43192269744462647
0.5441847895163774
0.08388748247415118
0.1358732068289142
0.503237186224513
0.5024262868313781
0.6182783157301092
0.5608472538375819
0.6038833239536404
0.9378631284520373
0.2626235854491451
0.9638117070252785
0.48225126538500246
1.1452510147487878
1.0343283716923828
0.6083906548494675
0.7092895877542206
1.0260914977815785
0.017348076062663028
0.43077586866773854
0.03865949901669823
0.22623263398205834
0.06589107870454232
0.26493371182697867
0.4685337281299548
0.001118860748493314
0.03417700573495854
0.030721689600073
0.0002797620844876925
-0.002489542202437689
0.08615270081867707
0.01133951707348861
0.041569537202972996
0.17606102169249627
0.13527232419135857
0.16793710566987102
0.44481339354476523
0.09063896057097512
0.34819934848408085
0.0818425480476802
0.060497228185198385
0.033627037122959
-0.006515278569467554
0.2708604229675812
0.12060224395222072
0.006533595126780406
-0.1566659050078399
-0.1046412463844467
-0.16295675008997293
-0.018180245467598184
-0.05389304000504798
-0.08593304572253378
-0.036015924152114
-0.36213878023453566
-0.0471829566466807
-0.21644020343891043
-0.29789449740996743
-0.22909018757469524
-0.23796894451249784
-0.31221376797150124
-0.022137468594686332
-0.04358226043090519
-0.0008934966289735281
0.0019949841781197243
0.011705446582519248
0.019102258481412653
0.12207626046358674
-0.06734031262281967
0.003812561704170064
-0.043576913677159226
-0.037099761206072064
0.03679611998664692
0.02385732823357353
0.21467711405447584
-0.23933393310378864
-0.6702124668079789
-0.6430361753010759
-0.41523133991895556
-0.3169267913358698
-0.469451712954009
-0.25205193164978196
-0.8421828997092365
-0.4169687422458535
-0.36377960573090473
-0.16667542436727154
-0.2436765653267816
-0.2173368008918586
-0.4309537079012259
-0.256262640425775
-0.04527165615427138
-0.04365069908558349
-0.02410000688972919
0.0028287946862748446
0.02466387949443101
-0.003099615545864703
0.14455466102455927
-0.0007077267069360492
-0.01418535102769223
-0.15041428352366779
0.0011726292616274071
0.0550962576833697
-0.007781365553905469
0.05824262453962686
0.01693794810441718
0.1378274493315815
0.15552302839564539
0.13121613088291195
0.16708589102112517
0.19338214585429686
0.27738071953731935
0.31799891934861224
0.40595421898300993
0.017492100796153248
0.4314542141825821
0.17789107213758656
0.26329147936927605
0.015054265152154779
0.13647678451373388
0.33703577529669426
0.5048514601518483
0.06615064419511861
0.3752173475013218
0.23367451850531
0.23191450150798054
0.7134269784088865
0.6034459724601677
0.5119914719880135
0.011788369308707318
0.5903537437601194
0.3397928231058766
0.102595915089222
0.41693459189893134
0.17781420587392244
0.3684715888964471
0.6443313172050624
0.052176058269030615
0.08679801516123777
0.09917078226880437
0.32733787104217826
0.029028253504791577
0.2573942132201149
0.6412956799479088
0.07853275952483611
0.1857038290031378
0.6519360801879721
0.7824887379898463
0.5807749446894996
0.2953575119238087
0.48373105120830234
1.0299639252630481
0.21776444723757926
0.9379328421036908
0.323119052329235
0.5610327221459883
1.004884034064413
1.1820784255134922
0.7265881051922866
-0.5766830407063385
-0.3656012838478147
-0.41189681421578
-0.2562143374337265
-0.31939776477535003
-0.13404810113827884
-0.44192945843330544
-0.6552164190137486
-0.01177908937454386
-0.4139247942202443
-0.12649616956731
-0.131574027163213
-0.3682200327045934
-0.05567623822435206
-0.46311868861529576
-0.04416768178408815
-0.1731008178439222
-0.09368641925931397
-0.0973292775897767
0.012311652038086124
-0.09972457978367964
-0.12141065841842164
-0.23211683653367735
-0.10658643259670594
-0.08367507799979311
-0.00446399643469635
-0.03700881020533172
-0.010902579290682403
-0.07783473842982859
-0.013330288260530518
0.013169634233046863
-0.03464470003064081
-0.041207987278282746
-0.07168092158107187
0.09533994483525918
0.35123658418655246
0.06994839505087343
0.030697801263087028
0.10817112590173891
0.41211111330520767
-0.0482580840483455
-0.1449922903931883
0.006280638233776903
-0.03713247800992693
-0.00023660640915680218
0.016182319535701435
0.0026492449598496557
0.059990802481227005
0.26506981406562596
0.013983401234017657
0.015876334062069817
0.07404668796323911
0.04430909111995629
0.07048253088335467
0.0677152993458385
0.22579260400582488
0.058006166116152766
0.05758536788452179
0.5364342400639424
0.010536065932269746
0.017416067498838447
0.020684316671377125
0.0919855763227363
0.20235061529785123
0.06884046055014328
0.7363365526018522
0.7686730289133031
0.5247662977762478
0.44072083857004923
0.05014790226413427
0.5554573349560866
0.6984386002688258
0.21663304978402761
0.14136926356927929
0.22139642920801372
0.47771420644511436
0.18285384603033264
0.2474829605582587
-0.00032580484323115766
0.022751530316328605
0.008379588306212467
0.1503765581722846
0.01985736208981865
-0.007307273927045603
0.0001972784679967584
-0.029219454392578677
-0.013407446724968373
-0.006190800797436641
-0.12032793961372135
-0.13887346351961763
0.056404784416026935
0.03891581582506132
0.022476447260299
0.05960807880673923
0.06374529935204737
0.03060797104208925
-0.014436879708714559
-0.03666025694275469
-0.043713708000958446
-0.1460747755069281
-0.03457613426934181
0.016134816939004235
0.027971686746552323
0.23862857135804932
0.27179967366942553
0.03090137417881969
0.028024316810935337
0.43000199243181725
0.2969769897778511
0.5639233044592409
0.15558426041162524
0.2602521955690224
0.044943936572512826
0.2045588995840435
0.5968859971348212
0.04672264574906799
0.12839308766307883
0.08942488280998423
0.05571270538884685
0.006668123269075861
0.04643928020248361
0.16381838002838253
1.9090780826160414e-05
0.3382658938069063
0.33713369574937196
0.042513629849837815
0.11066502784239944
0.15333780411077097
0.8106680519398944
0.712641835314124
0.8803622618922644
0.3028329429434315
0.06048625543215051
0.2679889636574271
0.08618799967537502
0.34494294402165576
0.2546116546449932
0.8900511941442717
1.0896765487514921
1.0734294004135028
0.06938320225589792
0.31946106443200806
0.04444028559102053
0.0690366942289162
0.039772230515281615
0.3919814328363833
0.2247391495380951
0.07470318758072647
0.5520525656455602
0.757116706370617
0.6168374851891892
0.2528810056760303
0.2228104980350446
0.149764540685057
-0.0007557418417746401
-0.026840608873652614
-0.003843763335369355
-0.004632834579807127
-0.004836286067437146
-0.08698399649073392
-0.12156605441178614
0.034409173143550444
-0.08807179778111165
0.029758751894654968
-0.056424013104716064
-0.10611236231901529
-0.0028441413618065757
-0.16854695124023733
-0.16718063904435254
-0.16011981830328478
-0.23742843706740954
-0.02920885284171076
-0.1638583595646082
-0.19065016037963609
-0.33759975326172875
-0.5173945613041007
-0.012247319919303641
-0.42129301394467733
-0.03216831993672199
-0.6976667925980911
0.05928107014557322
0.03773693772442724
0.11747262395431898
-0.07713919549457784
-0.22967787804848144
-0.0015760830197926474
-0.021620449626942425
0.1953631027742295
0.04643618681558888
0.07634375120671288
-0.0701772711452574
-0.04850008350222337
-0.008968476607435376
-0.06880126611447329
-0.5264716930195342
-0.3530401612540621
-0.3255999633905407
-0.09309770381568556
-0.5372738893647052
-0.1304927386758941
-0.3551584495964835
-0.17553865714087466
-0.20588496235418244
-0.24268393612645064
-0.42761068718146467
-0.3980025291767463
0.8123355435822109
0.8572271043107208
0.8810441430094528
0.5741096107484535
0.546008481092625
0.24180420559719346
0.6197523714306741
0.2072458525430355
0.4257795344607151
0.5807051301699082
0.07540923212234614
0.038426517445828735
0.7682828396631857
0.185475712915611
0.4881530813890167
0.7413042500544272
0.1958760168619091
0.2222027002664226
0.45816170635465636
0.5682879570683834
0.3484134766937332
0.4707184300844861
0.1516860170425199
0.16241035576150076
0.27587577792014706
0.3452787437225409
-0.0011915089092637981
0.19706251967447214
0.02849512194315596
-0.07472863383071086
-0.1397627138918774
-0.04017166501256483
-0.252928919320436
-0.3084487391748459
-0.15983146434344606
-0.3141908346604775
-0.43656345631364574
0.23615499249912578
0.05406865004932847
-0.03361868884200314
0.004560202079953677
0.020720782993556237
0.030447642299014515
-0.0712967100229313
-0.17505878712799183
-0.429515675349571
-0.12266067970778252
-0.01213321861922431
-0.08771888399810342
-0.1663109840090144
0.05447549164842659
0.39302832144965044
0.1819215286361369
0.015004417842001606
-0.03170040083077578
0.027684533566914304
-0.0015037895611632699
0.22624400894585214
0.26545243432261567
0.15092922776504797
0.10250331643834755
0.011735631676765694
0.05833635820319053
-0.05717913939947173
-0.2862549910227677
-0.10661397889974232
-0.5819090174187185
-0.5320027158893097
-0.40898994015229273
-0.02981763679536113
-0.1578074910485922
-0.06591579169113318
-0.05092839091331837
-0.17433186746823454
-0.04869549077347223
0.0636048951191593
0.06705503066727106
-0.007129647695387443
-0.007657659430883889
0.024760080668969706
0.006607651546137193
0.003383049525045037
-0.1216028356596012
-0.13133478124503167
-0.0037316251132308667
-0.052391288707615585
-0.03437087951622305
-0.19692977089046984
-0.09109596722957572
-0.00505907013752435
0.0005557788622940653
-0.024092294110691585
-0.041647842031621
-0.060858338243806674
-0.03249002398026914
-0.026522782352763206
0.0007476637219317054
-0.02620200454125145
0.003139495212132722
0.05175902893854413
0.0683333153092786
0.019693287763262363
-0.11590665961208743
0.04646549690060256
-0.04125560020584552
-0.05390263177859355
-0.17699672373512085
-0.2594505941899498
-0.2554288932945889
-0.004436172525759102
0.03324271560991949
-0.10148069671250631
-0.2046422964515355
-0.35003503441502115
-0.3014775457453807
-0.26412736722016544
-0.032549977448264926
-0.6201093008525768
-0.2210058898328011
-0.04963314299690153
-0.05374693494550361
-0.04651042311281193
-0.696435651323165
-0.4659506432039941
-0.32785309654215405
-0.31861374146021654
-0.8195983677841713
-0.8835008569601309
-0.9727894077256686
-0.982824929850882
-0.020248987357179275
-0.07472007843232711
0.01616599491960578
-0.17590269041929
-0.5235105010852548
-0.003208307753595652
-0.06451870893514766
0.042494840550793576
-0.06898784632475011
-0.0032202780914158593
-0.06047852920094376
-0.24383693520806277
-0.18567108130218327
-0.047817532494657665
-0.36661627006655195
-0.4682584036448676
-0.34663161728502667
-0.15445825062900867
-0.30563276077799806
-0.7677778550146706
-0.22958426465074863
-0.594360862007347
-0.23481427461369364
-0.008986211218542735
-0.31556222264396894
-0.22328225581253033
-0.39950562191132555
-0.453674549147136
-0.3029391429925991
-0.14524345493220936
-0.6282807768258971
-0.4716112456727042
-0.9018382314464772
-0.31960855742486965
-0.33703270719440304
-0.8651735666467113
-0.5667949013279866
-0.9996388989920009
-0.0506766260950975
-0.5364098885366457
-0.7722566813835812
-0.5751886738194849
-0.31439990078695795
-0.6464441299075928
-0.3998921101423026
-0.7216364842723904
-0.7104470337556447
-0.32568118877709684
-0.2367920460921856
-0.07693388731980871
-0.6117641318240067
-0.8884362815729897
-0.12052871618127634
-0.9247412951503137
-0.551494659747229
-0.33949416834945756
-0.8922304970720647
-0.25357919868946643
-0.3987118321796827
-0.7668855285011708
-0.5536443540398275
-0.04741455444857374
-0.40881000290937236
-0.1425437951829278
-0.04863547519697083
-0.0316438921679988
-0.5385119222772281
-0.14003373894785895
-0.6267036497195057
-0.13175308463418522
-0.5134211462309412
-0.6464725604619471
-0.8751000205048157
-0.22965268573386133
-0.0999734354068305
-0.6851575806837942
-0.15882832493056184
-0.4014883323163911
-0.1700351996770108
-0.14153999248881272
-0.3797767977209355
-0.5420656549989643
-0.5233774194812237
0.0073349083695352525
-0.010944286806980723
-0.00018070573262576626
-0.04716399622355218
-0.061485870620438324
-0.018007139759146445
-0.0030338873777645626
-0.013980148527420718
-0.023022576022786054
0.0015074412244658608
0.007088348688095261
0.03686028604928841
0.003238876907036984
-0.26621997498590777
-0.04858857720178505
-0.02721109925577916
-0.028742224545041085
-0.1765925925693897
-0.16199606239888106
-0.07178454847143637
0.043645501443492676
0.08614854540600346
0.16016623233690583
0.125469510022015
0.007116146431195581
0.040897397048308505
0.17929952987688338
-0.09084487380001753
-0.02342981255467934
-0.02833818680910616
-0.02509333716631305
0.029141249060939057
0.12427740215914294
0.04069902572667359
0.07164564008545207
-0.15344663366530284
0.028155765572023574
-0.08002245242309092
-0.013995643225696967
0.1334460165254309
0.046876539622959616
0.020349438049242035
0.23142091576718132
0.013394957770942675
0.27306759335390185
0.28272414405630325
0.2874599474681314
0.45802747779455405
0.4881152523391391
0.21723872396877386
0.31848692224243014
0.35822503192021976
0.5142068838247499
0.09422489776295336
0.004882340623537669
0.3140469780917859
-0.40210124162658967
-0.15910968029196113
-0.017144182489787378
-0.4872201696411661
-0.044826373394840684
-0.05354470077389362
-0.05761345235070822
0.04422276003298056
0.13312684942103445
0.12026009607497479
-0.018546754586432252
-0.006076588927138299
0.2581853504567713
0.3600362203162857
-0.3940685662258953
-0.17730079688147435
-0.16121737595778102
-0.03500340311345948
-0.10656070859925589
-0.15417348836088005
-0.059718624714451454
0.10592916465778478
0.13138417894099938
0.2117154974309334
-0.009176587243663499
0.04750932903935232
0.03772904564014324
0.29697686498911324
0.08033340502974602
0.06223397366313321
0.13067465995784575
0.3245088290077038
0.5121333157516943
0.38941906595013326
0.7894020341721636
0.8324991315847098
0.5347709063136851
0.7655915239364812
0.6346898712071415
0.28382107032401416
0.59107298842412
0.07673016982159364
0.7028393934536098
0.06504941636381727
0.2800235163528136
0.2094887793274232
0.6232567237212806
0.04207867543089146
0.38644754205268206
0.44414554576952187
0.13799504910808028
0.4333277246071223
0.9309279563211605
0.26386713410896273
0.24071618682467133
0.3998390343279916
0.9895197690230206
0.13122931691440487
-0.23358394972689492
-0.11911251907474651
-0.5955344974190457
-0.2964362927725257
-0.19801224869813808
-0.257070634805417
-0.2321334039531408
-0.38574663297598594
-0.04118722295735419
-0.37884663060639207
-0.30886792227456045
-0.27458765182575
-0.4267117750779611
-0.1465213147375919
-0.013888000479884775
-0.020938451708004267
0.022081017158733264
0.14360755598483288
0.07501377281865396
0.1378432095842667
-0.017494125691863694
-0.025720378240553433
-0.0426534379211863
0.11664258479326214
0.2812044703614979
0.0048058049465735725
-0.45619150295013167
-0.05613063401483804
-0.011109019139792333
-0.5211979934384916
-0.3511165732409657
-0.15445496979994341
-0.3483162016897221
-0.0171940803706894
-0.3843319704745887
-0.13843919886446948
-0.3279996613539068
-0.2935689864398311
-0.08164858305984753
-0.14965848904353904
-0.18448185114986496
-0.1179311141362943
0.019773752677308923
-0.04105200349435599
0.11474320322226784
0.2718284864567204
0.1951586666553871
0.1337614683647576
-0.021779520901172206
0.00010586588589950206
-0.13591418479762885
0.0049462673366457936
0.24653733556136595
0.0014826079281270055
0.0833465684155294
0.06365316176326904
0.3380797290887355
