0.078889300370698
0.11119475029087611
-0.0272249112686785
-0.1074177069974261
0.02939633980748018
-0.001329022274719308
-0.018590289920712343
-0.18483135248734142
-0.21388895143725395
-0.06277395207182734
-0.12817588060025845
-0.008787570520630995
-0.3090673107858249
0.07227236645754329
0.01425775122393171
-0.013277764413017227
-8.076829615656452e-05
-0.006107833277394946
-0.0024009745714454445
0.0026496329337077243
-0.128931017042318
-0.01197572727830616
-0.07239414886801884
-0.001999405973052978
0.037581770504075775
-0.0073897417205889965
0.13365149568993837
-0.07653595387597383
-0.27524977668431966
-0.7370770357096468
-0.5443391853656193
-0.4068755029634207
-0.21275787938384516
-0.6147644365319863
-0.10662327381056859
-0.23169479157677764
-0.8740277697651437
-0.022889292823353304
-0.16664076842629041
-0.4609297811796348
-0.03704896786619358
-0.07616937402005432
-0.016930486522078392
-0.0010719419081674198
0.04396304106200473
0.004185682847327867
0.1346311432099331
-0.06453089853160923
-0.26082232880020784
-0.2147104948725006
-0.007184331652830095
0.06602986638636922
0.0715475748942105
-0.06953204330880476
-0.040374464582519955
0.013239582247492653
-0.0451010121275213
-0.12251383084318916
0.02894453303585483
0.08514408559579496
0.04858533092617973
0.1391366594882236
0.08709811169544661
0.09265495124033203
0.0451514476851568
0.31576229796671135
-0.1759171580667402
-0.16509504922770285
-0.02067790824370211
-0.2637284259767972
-0.0491174443331377
0.062439604154530697
-0.0092289568139411
0.2605133060718934
0.08017671739936949
0.08905506606512667
0.23216042258826486
0.0623617333845586
0.04403115652337845
0.1862905354608504
0.2758622813298347
0.12205035397781257
0.49007714134925995
0.27798514047144013
0.1845120879951369
0.5803962834030486
0.24491690233770513
0.08980528885399319
0.17286536555860157
0.38495334331455877
0.35878074546812055
0.6705774213952164
0.319586925045628
0.2107229617415927
0.44815395785463047
0.5088274172803655
0.8446398204873454
0.07848888352949278
0.7647484171715597
0.25490488163405406
0.28817545654581334
0.49669627868678273
0.16068665770347854
0.3246815284808729
0.5516405084216356
0.2373563214062524
0.9165449359920168
-0.16845800548814713
-0.14106675083275
-0.2748293120833481
-0.7670327636878436
-0.4067851848190968
-0.03129583250369514
-0.46844990051492036
-0.29312822504436015
-0.31258630896122663
-0.31437973352490095
-0.4602278252168154
-0.3554726645666979
-0.6120977304464271
-0.36485062371472005
-0.2143058972614194
-0.1435778555680352
-0.18676879590966378
-0.26256609305192025
-0.0010206439971558424
-0.1255996204718921
-0.03344085908692236
-0.42045041788463083
-0.23333002910949718
-0.059638212602799334
-0.07315799508963268
-0.04387635563716518
-0.09343824567931568
-0.005383861964243594
-0.2733639903179408
-0.13670853865085106
-0.018209641618012775
-0.0847953673345087
-0.21462786189309827
-0.16697774127738949
-0.16485010870012343
-0.025296991369321065
0.008937065189610254
0.0028642587153378846
0.1325783064146385
-0.01608137425928214
-0.021009590528421086
0.19091272724890895
0.07278059272125836
-0.11531407035586713
-0.0865821323898662
-0.14199108274058772
-0.03894384469607188
-0.029884439249488064
-0.0783309807697933
-0.029005891857968782
0.010611078089232274
0.008652798054324529
0.03986121893808145
-0.0007278368463844974
-0.002764748465686675
0.04484907930715549
0.014685040784609252
0.014102010994211623
0.12440915970610773
0.21160278163690407
0.5178390283685137
0.005849698345392073
0.0218692140242463
0.15000554006524625
0.07936558044139749
0.019810255416398245
0.10586746481083649
0.3052899157096011
0.033245726018434
0.28358827770921186
0.5774824774459794
0.8852351400261117
0.16912586614103492
0.8021072451226633
0.8800538497495525
0.1450322151808996
0.5087699035205739
0.709222987474402
0.45548851837035315
0.2761761147714146
0.564227304111608
0.9729821070804539
0.6527931538306366
0.03809637294301205
0.07305899480411492
0.0008810634400912159
0.03919947892433772
0.25436479738970236
0.06256290199439117
0.1487734084761925
0.0004142066690462548
0.027196107790525486
-0.0032125600710196894
-0.014734318304648483
7.813532290436814e-05
-0.010320808972289361
-0.001720750280487359
0.06218733494959906
0.5704226866045232
0.08939467062113954
0.0031006248230533756
0.08225529627175167
0.5614490938763115
0.3663502188903335
0.12725765952043414
0.020166368209440143
0.00020115277092939553
0.005529714866963847
0.05606623974200264
0.08413250942895727
0.022574607874258374
-0.28022236369468884
-0.15000199219161717
-0.03650606933004979
-0.04069250877937003
-0.06614841704059686
-0.004062301512746872
-0.024837381218592892
0.11687545670265709
0.28487934842376683
0.24663107734180267
0.016700964307979526
0.002045878088520874
0.295059244605134
0.35646028020319087
-0.1325676566349061
-0.030397174417018683
-0.02108361124888016
-0.036456414398361114
0.0008520986720945711
-0.01699921348442055
0.07300631543867521
0.01602262914667768
0.2583652192035121
0.12483752636181902
0.02344259509189979
0.0809312293776891
0.03608683284972408
0.7953438766443521
0.39206123903616114
0.08741129839778693
0.2075447276988728
0.5243036601088956
0.7469222781112078
1.0360228460822223
0.48676699344883945
0.6879076591564185
0.9197897591778353
0.47108119267876836
0.4330910668785257
1.0233934046764404
0.42829991451493893
0.008732599878654287
0.37410716537181715
0.12904725943276318
0.0788471992143175
0.30539413240648805
0.12260903868415296
0.11129103171425277
0.1382454881812919
0.010080077143072215
0.2526598298634733
0.007909571656545081
0.33922632701881955
0.26193431012843643
0.011846995995452334
0.0009579482812218571
0.028065722510873206
0.04592358328962607
0.22764243840260168
0.0018676182613371563
0.005045224920937337
-0.009239583068660137
-0.032171965011383676
0.003801893886622087
-0.04512914866053828
-0.028740527320532967
-0.0522122914734436
-0.06741858412659911
0.14359915234505316
0.20034916039085907
0.0924712244805261
0.16202849905426883
0.23474697664078417
0.009790066127335155
0.004260253089921619
-0.008930426964087914
-0.03961318908620265
-0.1390657601114402
-0.12597404660458605
-0.21826360112596285
-0.22912424154572691
0.004833525408699936
-0.028687860580489152
0.09220841814675
0.0167537282481408
-0.1114967991537368
-0.1567526719336864
-0.1457903194651619
0.026299693725805744
-0.034985764574360034
0.16791714199855082
0.0037409650529404335
-0.13136732264048315
-0.0048031715106110024
-0.2543497766691303
-0.10593674182154401
-0.5287030380112738
-0.4732185779578891
-0.11041345001425813
-0.3591675039779378
-0.6316784047454225
-0.06828841859727691
-0.6203517583772054
-0.16521771712107172
-0.010688860524695788
-0.45239943945659933
-0.7576552921809885
-0.6246890941913222
1.0841800004282172
0.8460773676621881
0.5698677939153011
0.024097017088879617
0.23445211628036994
0.9898797973372258
0.7801567639115775
0.2402717329603118
0.2592775830100228
0.7045040593333661
0.8247758240922091
0.5089864534229467
0.4817557155959323
0.7313898531212261
0.0204641244616187
0.38097401876006765
0.30504809766452057
0.08144747019954061
0.5082863022441236
0.09740148270206231
0.17347066766076308
0.35084200831882423
0.41760641071271926
0.06264528607221437
0.40664606462259106
0.29266115945684334
0.4918919392347965
0.31819832386339725
0.20995766991257106
0.0005001108268930489
0.1316707480876143
0.14238587947724962
0.29023256329012004
0.6382542729296635
0.27045773157872804
0.15662105041871646
0.08204893525744049
-0.05551111392625508
-0.058937071388559484
0.11390598720524173
0.11083021427331897
-0.01166668644132791
-0.034954754960174424
0.5795408129728923
0.20633035335339436
0.23958762765172265
0.3901141918662286
0.10676402266130297
0.23773795987357446
0.04564266524332791
0.16663873776733515
0.004156951929305763
0.00972646477657947
0.021199057507424186
0.05497817412471013
0.0011462160741583358
0.015610693871038955
0.28892611589069644
0.00010530098102769696
0.17522087567997657
-0.023837323648541905
-0.35277402719923373
-0.04070262326247501
-0.17228515225303193
0.07779724629802733
0.02082109409675024
0.012545502982647765
-0.07530520158321362
-0.1040455744409742
0.057351296305099775
-0.08783045454812642
-0.4300704826224862
-0.09346338242634594
-0.09787088878733978
-0.487314592649461
-0.17889816095647995
-0.6602622284495911
-0.3465954760168305
-0.3202415990260981
-0.019185186375224126
-0.05271197725771117
-0.43594805630380706
-0.12518785856844045
-0.2360691139236429
0.03288307176414359
0.039729939243278604
0.0005439485911390662
0.07449654310770457
-0.11588419355036675
0.015414931736608484
-0.003873585134556807
0.05199085985501655
0.027218069849629815
0.0026643923778335615
0.0015343724846402019
0.0011036343683095164
-0.005809725505009344
0.0007865500175421615
-0.23511177470812913
-0.012418307405447656
-0.020415301941814446
-0.2971544424433848
-0.3358455387503208
-0.09220606014374341
-0.07346687999406469
-0.003477114979740387
0.018004019041563034
-0.17073755120942238
-0.029653220973697138
0.03861007753768982
0.09325026773496424
0.2621682079176531
0.6112141651034352
0.060257078547184026
0.012056808587865033
0.09116417042392955
0.2575592502411053
0.506771661948598
0.5690451550405108
0.5440546886495798
0.6651823446540516
0.04327019553141386
0.4017438676790027
0.8016861478290581
0.549515820252995
0.29253860985044255
0.18989321345064383
0.39700474718299095
0.0008597043344104536
0.021758435271017472
0.08813010240584172
0.012062417919033378
0.21750076709503122
0.17991202440019252
0.646159354127358
0.0979651175060144
0.12881215668065166
0.13456865486226696
0.7645653274592853
0.4457321233773218
0.9562421542674676
0.7129894926898428
0.5983977153386395
0.40309132902997263
0.9584248360503205
0.3045767192041802
0.8408379801053697
0.3200367264099721
0.795906028539601
0.20380562000484984
0.8368466635789137
0.05979686679053056
0.6476335432899197
0.18299949464165619
0.10128032413294484
0.09452581434645425
0.22091547226394967
0.24688653166728525
0.0765346072712972
0.26157441558376665
0.0352364778574552
0.6175657159170825
0.6363780278390806
0.2739405864758283
0.30241278463478916
0.38735578483031885
0.17367912418741757
-0.007547982160325241
0.023129784658244917
-0.05123750059455685
-0.08605793996993781
-0.0628305695985377
-0.11435660331410344
-0.2697886523253948
0.06335817696582546
-0.11549107701772776
-0.0038088726606845943
-0.23582315774572182
-0.20907265491786436
-0.08578194575932027
-0.1433475509653725
-0.23833575318973388
-0.41965542001296513
-0.10573768533497033
-0.10509882861869561
-0.10482172514121453
-0.27717658769266507
-0.19453906775019522
-0.40301221959795175
-0.47296575988063244
-0.24371857854552603
-0.3850978101114187
-0.7633558022954999
0.08907968170449006
-0.04198104994992872
0.026419715763284814
0.0036247363351234693
-0.08054113996284572
-0.34484840873996464
-0.07775460307547553
-0.14995171570125568
0.008420485038964821
0.08722913442839829
0.004038662334170443
-0.17074213158722998
-0.05412488790577207
-0.19540701054523532
-0.057842436079500154
-0.34772764269288
-0.475428149458385
-0.6625032330961945
-0.7381917872834881
-0.7582699325318438
-0.08366320752146711
-0.44456650499303135
-0.54349454433353
-0.38410337435976505
-0.7562824741397342
-0.16199761350948336
-0.19903767922202417
-0.501156710756773
0.7576390222780464
0.10433191016803735
0.05955595564970584
0.535426245407484
0.5021681974890745
0.2641615136036651
0.4641572929630164
0.3679630550290138
0.2073463525191235
0.2771963306702842
0.07313821114976804
0.2735251174060864
0.2654129944127312
0.12252942614052661
0.008815766946598394
0.3525191638825704
0.07697817984179905
0.05221227790758163
0.3073910544508627
0.007817238771481405
0.13650015033850482
0.23305000219113484
0.235944006459673
0.042058018471888815
0.2915343738995471
0.011609056531878532
0.14268175790898194
0.0401010190097166
-0.06146844918788481
-0.06659287588839627
-0.17271997322201296
0.057005358095429504
0.017844179000447546
-0.09312988528359692
-0.12645280162081937
-0.3208027623225988
-0.3864512810578685
-0.7280798851728721
-0.11478312626559198
-0.5185943016468794
-0.4849442314289223
-0.18292870270346032
-0.012812358728560305
0.035028134727181595
-0.07488215351114941
-0.24080399728992868
-0.03071107711299105
-0.018679535745356
-0.0067557126886128695
-0.3771044836149832
-0.11343189594300304
-0.6863730060972599
-0.019538229882113328
-0.11827304157329967
-0.21966128595710574
-0.08169782541708438
0.03294399150973986
0.09237494992931598
-0.003995344829861381
-0.06125117260814943
-0.010875727822306959
-0.10616937444530396
-0.06917652684630177
0.01723701598626841
0.027154391046768225
0.0030317335689428147
-0.012431400289093364
-0.025943462706089788
-0.006983825494058476
-0.06776492645744704
-0.23209887753519143
-0.3978808042330943
-0.3522790575889834
-0.09836755002935979
-0.48906118220287154
-0.3236760087332445
-0.1743861091269711
-0.07882129835368136
-0.07437180620337862
-0.020886992492780875
-0.0009060940801838898
-0.05580801082809974
-0.01571017683858404
0.0048656199070526655
0.0005425916197773113
-0.08547321861682837
-0.007125766730470842
-0.0006911285232798179
-0.004459234409943239
0.012380505545756686
0.047149186374797654
-0.021701826505532432
-0.13461371816828666
-0.022237016486707797
0.024508968695740697
-0.009195670936454863
0.02472976584512139
-0.0025583615054812522
0.028895414870283746
0.019173117519446344
-0.0011177302296976675
0.06032758840245776
0.05522891578733572
0.025822938351610855
0.12089712154377734
0.2581676402228904
0.01182740297487151
0.17319073661583775
0.21843395703302446
-0.21992911207050678
-0.03600581604631631
-0.47767655009948246
-0.22591797052433948
-0.1251527435766324
-0.047595773016210347
-0.3991301528904428
-0.1386982291926462
-0.09445848360088654
-0.5258982948893736
-0.495858283175388
-0.2604142010424697
-0.16497868456731346
-0.352136119223929
-0.6068712564704393
-0.129123143993518
-0.34048774792311054
-0.30587962516666606
-0.19305031126149
-0.1088310319582929
-0.17691054418332014
-0.015897762524549663
-0.5532564681852926
-0.08764970791551695
-0.5960989223571479
-0.21967292378616782
-0.2418172576100526
-0.1706175989330653
-0.7773180052991862
-0.6516365618394568
-0.7669767223848942
-0.24836607597384402
-0.5421438053938186
-1.055715763081229
-0.4450098134033816
-0.9731616675066506
-0.9192341040284315
-0.7437517367422646
-0.8511827610624383
-0.073852406032547
-0.16386749764167707
-0.5872146262941444
-0.36065845335078545
-0.3678489752676576
-0.09185070392298104
-0.4684305043272712
-0.39705896223033527
-1.0080800840525002
-0.9962879045986087
-0.6296924235086377
-0.9646250572392479
-0.7594133034176639
-0.8801765369716368
-0.13583731482947642
-0.008460943608877848
-0.23144625971836708
-0.013814959020175117
-0.0056352976664278374
-0.10856357835441875
-0.34084391180263
-0.15823349993966224
-0.02179044572978364
-0.06294479532151934
-0.10683898595981682
-0.13481029383109674
-0.04004860461760191
0.03819672908703382
0.026504750030780778
0.03166671724985357
0.06347193846036753
0.02821474058328362
0.09681970664609542
0.002662023166930105
0.06905247935797021
0.05317119962849035
0.2619045006867475
0.15215226622428127
0.19075320052916
0.27514124418379704
-0.06189768373171953
-0.05472286794939882
-0.10556558957791862
-0.22433841636405186
-0.08486215316384392
-0.19735171616733221
-0.08399943540949373
-0.17305549476473844
-0.588956632307197
-0.17249281535071256
-0.38326678250290364
-0.12162787971955871
-0.4026628741527871
-0.23437676654149614
-0.003243701699064939
-0.011750924285115706
0.13632536008852586
0.21709718216512885
0.20254031634183192
0.2565872719857398
0.0806342072870142
0.004282662832326518
0.002109058024079899
-0.021024932862429308
0.02402166640030187
0.30497549263580975
0.16858012140172304
0.14051101520097117
-0.2905655209794078
-0.7303036777363195
-0.27108257172081796
-0.37090463192286444
-0.19472537929767553
-0.4594024202710276
-0.41902681430286304
-0.5272850221560544
-0.38234070549911364
-0.18877056383862853
-0.015912711193846976
-0.565435276543651
-0.17410082056339923
-0.26562248267758204
-0.7570010603089738
-0.8541632165050486
-0.368359300165851
-0.5628847964194984
-0.2004140113609669
-0.6671861633827367
-0.10635413633218894
-0.37257044547789614
-0.09096826754987776
-0.16687631051336935
-0.2115219482852458
-0.13075651477162498
-0.1512866933485396
-0.016860245787461703
-0.0038554325056233034
0.13696388393417533
-0.17021315876070114
-0.12168805780149763
0.16259703483521956
0.11375670442443567
0.20737408613435804
0.09926470798703822
0.09082140554899222
0.15494616404050812
0.21748004816812602
0.6239477057720495
-0.03856610040805283
-0.001004903307363327
-0.017219703692190044
-0.022687936322631736
0.03447843780116126
-0.025781817084504905
0.15088874837855454
0.22781631522278217
0.10725798317835146
0.05726845770632997
0.2332961389137282
0.14802353613929917
0.30144383603113495
-0.4161694594261964
-0.4379117493723536
-0.4722600345418446
-0.3989241561590246
-0.07962756722800567
-0.2935422577641185
-0.5090407693794686
-0.023434222334313748
-0.02426093430670736
-0.1228929586306071
-0.17385862708728125
-0.2687949816962692
-0.03288311152147408
-0.1795866885165512
0.02228418079007535
-0.029445597469405695
0.0006245434406313868
0.22460373426427135
0.11435720759719445
0.02125368339557184
-0.052336074842798314
-0.0820917196320202
-0.0009697579214606789
0.0011841052467088146
0.14240130972919998
0.017490661225258053
-0.005586098585278916
-0.18248048814683795
0.0007830440057527434
0.004640841366006421
-0.00696156192664911
0.001489255736620058
0.027748782186708905
0.07932538302727692
0.27921298787047033
0.07266270450553208
0.03278791808287904
0.041362335626989065
0.1852515150472047
0.24614839589391657
-0.005902193288903757
-0.012314874722777648
0.009990435163655892
0.0056453213896595945
-0.00035022822731932353
0.008510856192207303
0.06066308188763465
0.0027336822637388314
0.14833263908555724
0.014302824887363015
-0.02381396409133137
-0.007362540986549335
-0.033437002080741345
0.17017019586308926
0.2394479908381346
0.11003704288380692
0.06583048665746513
0.18847063449132417
0.024064789886515003
0.09500544491067239
-0.11811723640379927
-0.009766370588469611
-0.2536616849226323
-0.038770161970673275
-0.02216307515834345
-0.3471717080512983
-0.06322860141183755
0.0033748725564129805
0.17155393724469453
0.004614254425837152
0.004455270023295938
0.14891202186896058
0.12331246903990448
0.04647364733696032
-0.07540161897536977
-0.02005508079843227
-0.1414569044388757
-0.035823967714478
-0.062281288754739636
-0.22489453209708368
-0.31129404368396624
-0.12506589135757348
-0.03196813040734898
-0.2564563937984531
-0.25294388574046206
-0.373447168487255
-0.07315046119789673
-0.01716089376876966
-0.35251817058682905
-0.8883999777790655
-0.6519687319997091
-0.39289388132536074
-0.48568604355717687
-0.06785691064115737
-0.10091169908759823
-0.4453547550257953
-0.7714527254576905
-0.2164310921953504
-0.2725224525966562
-0.14181840689149997
-0.20123362747814996
-0.14976026892484892
-1.0663502945604586
-0.8137815363405448
-0.25264517065750575
-0.6523557975311317
-0.11134406852652766
0.002772845949571007
-0.002999463696777209
0.02893451147501634
0.0047426280294448715
-0.031176091068198197
-0.0033458856497885037
-0.0069746398416682415
-0.010938274728867712
-0.002143792815118032
-0.04803630132907573
-0.02566860646804772
-0.01017166018762648
0.002014764464764996
0.00665524225146271
-0.0837674032543356
-0.14133195990612393
-0.012335313964167136
0.00010371276863320416
-0.1690941332805503
-0.06267911838094696
-0.0059385925211977615
0.00700802860488134
0.0037633623705988044
0.024317778116261336
0.000965679938737141
0.01047929547844562
0.1858929591705268
0.049506820806282555
-0.2196300034603658
-0.24047056830333044
-0.08850935405677132
-0.030186528193260457
0.022272213166878045
-0.09025432571482572
0.0835317125606164
-0.09266852333515943
-0.27057661488873774
-0.34896235417982985
-0.059209872784968615
0.005394096777356555
-0.02954526705086691
-0.03587133095073776
0.12754331806502903
0.08335421706126046
0.05069373437578522
0.10805255704491447
0.19570047966511914
0.27467999998996245
0.08308483149125369
0.03496151477295898
0.06830872944620334
0.22659662472957803
0.2230830538150799
0.5176419124559263
0.4716069861845949
-0.30818812115071686
-0.23111683917881573
-0.9310038351587057
-0.3063865681614346
-0.6208068324352044
-0.8783890849673356
-0.29052503680145736
-0.5055781600609305
-0.12042842050416355
-0.3343742288143334
-0.6207228513989266
-0.3240469278038539
-0.5510391412573326
-0.8510539658787567
-0.36789321869789093
-0.5185927438334422
-0.39227965919510777
-0.40280752874550724
-0.8407011260837332
-0.46321807989194486
-0.3989520851917541
-0.25877523873054775
-0.12174727344635301
-0.6680154699371137
-0.16050343721781407
-0.004251618997567794
-0.32530455962331745
-0.5861623627528115
-0.4762200189036607
-0.45479492642043323
-0.01083104107080788
-0.524568124914265
-0.17000946324577942
-0.46124437376702476
-0.021989332304856907
-0.12089916603558246
-0.02425345519865566
0.020429273109200615
-0.23153777991994812
-0.3448264732248055
-0.02251944474087555
0.006562571999128177
-0.4729802027201363
-0.3647230341082632
-0.5723407760824702
-0.20446363758779418
-0.026482475792849274
-0.009686444890522002
-0.36817836461266806
-0.19482878758986116
-0.07201756664237068
-0.11844425250312685
-0.2628505170734993
-0.09770184970705012
0.002515989359754019
-0.02304683377972076
-0.3901339630316192
-0.16073993938867512
-0.514438768705841
-0.2501468258539832
-0.024582395643603233
-0.37326997576599225
-0.06953444249165598
-0.5730548892377301
-0.2522658994957477
-0.6153465359232533
-0.4532201583410898
-0.020126771535746827
-0.12987184759798878
-0.0429178329803061
-0.043427245683629344
0.2299135936467999
0.09336326134231865
0.019680663630666045
0.06943118870186878
0.19887302943380605
0.03203216348531205
-0.13187016712701194
0.06504444473623025
0.02798303944316614
0.16493802712790648
0.09388258238342391
0.09667588303293902
0.3307142927688141
-0.5632075297067927
-0.38720892296589415
-0.0881504310940691
-0.19455309012770558
-0.07771730866896498
-0.09455385318784358
-0.050069057592869455
-0.19485633782503178
-0.031365918693169195
0.0022075123360482474
0.005935717420569535
-0.14330917758242886
-0.028233697294969905
-0.03474728041281419
-0.007858033470008066
-0.020968931254148983
-0.08142015411518061
0.00760679899529835
0.1914501349854219
0.010112109775859275
0.04319605354025193
-0.018947034459979088
-0.018328727991488013
-0.0038386087707134196
0.011800506808819927
-0.004844369982285587
0.013576442407965397
-0.06923692925788247
-0.10291250977513544
-0.004539789928015809
-0.008061699625958041
-0.19050223488814197
-0.024317416781085486
-0.027204978822197634
0.08459242921633997
0.12769993557923195
0.3373850202828595
0.0172907148794343
0.017158559121061456
0.08597774543889082
0.07479237073152652
-0.015434907916904727
-0.023591702516843338
-0.06318114163104792
-0.07977247004503304
-0.04106839472480808
-0.010190181921711674
-0.03215690086711072
0.08821591951588664
0.1396817765711986
0.04030724707608889
0.022739833378179884
0.013497317965617988
0.21156440534481755
0.07384397210012836
0.5319135129556518
0.22994769140840982
0.4676760771309404
0.08756894431544265
0.6697815371666068
0.541175687346269
0.1094511452355832
0.40732758887256987
0.2920533770409645
0.26471220018701885
0.5550502057365135
0.6667762374931373
0.41169228342877756
0.21575996971074804
0.16091256084950228
0.6430267583298079
0.06851983659610705
0.4201261558666835
0.14040049331106086
0.1941994088588812
0.3484937439382431
0.9428374958458297
0.07108910108411111
0.1357016197247396
0.22456449611861976
0.9910359381159282
0.2710894900984076
-0.06191249805983399
-0.07739113019004945
0.0029848542347411075
-0.01461135528308562
-0.027421670639510516
-0.0005582963387722879
0.1420569778003711
0.10970733800495909
0.12931666019486593
0.0683912874748498
0.011778227468416879
0.03726435877134554
0.029886464529493003
0.05168782337453537
0.04047184093280933
0.003006149112270985
0.05612021091399823
0.08081200839056601
0.0025630083595949518
0.0004263250709619099
-0.049777487539471685
-0.04356514896297967
-0.042239808931063445
-0.10753939949327988
0.28311663368350204
0.2869845472396499
0.4020134575904958
0.17979025290549866
0.08441173094292047
0.34414673285274866
0.48068676814879674
0.097308062551446
0.16456199597726556
0.16325312503461978
0.06302253293965775
0.15375609008572666
0.25233846572039426
0.00553746020254225
0.11353504404501656
-0.005236987472001539
-0.006772547817399739
-0.0022896050328153907
-0.051109485994856645
0.16470365011245666
0.003046444492840173
0.2410137952558023
0.05437824685302342
-0.14207362878795574
-0.06741009005547152
-0.007830803461009358
0.3137820949959382
0.22978479265347487
0.04532094229520799
0.6717551398143007
1.015176598348977
0.9251651185012367
0.06698424270618755
0.5354765843989536
0.2931019270209744
0.4807015956127041
0.41453559592596995
0.17432072188542685
0.10933783854181611
1.0000037132469322
0.18979132381643565
0.9413688514409335
0.8774416696946178
0.02117488071121569
0.23369279773735974
0.13564781945140564
0.5478453724372208
0.2275044027996567
0.37603488699626414
0.2751022229948754
0.5944185926118168
0.29712952988009345
0.6556179385571673
0.2686015778632411
0.12252265388044888
0.19828293031350866
0.22168813262944215
0.25520304115677217
0.4188923282009646
0.2005642063369441
0.0516848606807914
0.02188283682119142
0.11019577615149206
0.07504950671960801
0.2156692803350961
0.0009688461650085495
0.26447335223990165
0.22124438500453303
0.329437993626775
0.13723488092596006
0.7588958336354251
0.3041596720596042
0.20392489877128478
0.016924261929388437
0.05023721987993817
0.01063535455384522
0.029179482087032756
0.12008142564863371
0.04515212656401042
0.3065666891823456
0.054303605157635784
0.8844633896705522
0.9956751812157952
0.19444381646924483
0.517529084697677
0.3737613466267112
0.5015748158170829
0.6167544853189518
0.8587435535414814
0.6958270469991343
0.5199907336978664
0.3024292056006789
0.008032097543304058
0.08684150366397549
0.2139171898570791
0.04273304374533513
-0.0007701161446340915
-0.003322757629418458
0.13473301632264356
-0.004453686262687113
0.26455281093569405
0.2265489848140394
0.09467817207385014
0.06455098012507403
0.006876356516524623
0.024989042946229795
0.12402947505450401
0.4976961047258507
0.09754283989752584
0.48951331507694373
0.4371855910609807
0.3085173843627707
0.053967056793345014
0.09820618317250278
-0.002681212441863745
-0.02176851777942286
0.12719531717898824
0.04320078274413445
0.03279594749415858
0.2648144387005434
0.044425815984034146
0.25765142522393225
0.04714775066893595
0.1353695041613027
0.2015095896950757
0.042458855343514686
0.08582994027135073
0.041410488221220426
-0.010768730550758741
0.016070768099173554
0.0378628659968094
0.0002391013579049108
0.0609837771533618
0.14901771499577657
0.14874514230015104
0.09466061861552802
0.006864396512309398
0.16128801427578313
0.2450989003030374
0.17066698824078264
0.07594632739976535
0.499391191450701
0.1903070646296688
0.03614504003909719
0.5064798050425248
0.32024669158521823
0.20064382642961878
0.2702181736542535
0.394584771678945
0.1104450351984372
0.0039489533234222905
0.13485599794833136
0.0035967748030012
0.3562559095154833
0.17954607273999437
0.7627066290117308
0.3703650362295114
0.2817754328861792
0.6770067898194196
0.3253900066431102
0.42834560650589004
0.3125137950750447
0.4183052193942818
0.6873221134843678
0.8818118182458382
0.16433574959858552
0.6385270399573164
0.48520160980096383
0.5567256463086946
0.1541731250410324
0.04417401066763609
0.12745296048026478
0.982937264793275
0.6884473903586866
0.9357766075181806
0.10925407743599863
0.13657267627839456
0.2516859471215189
0.19883544012948592
0.3209042772663135
0.6603852164185059
0.15357686640760485
0.7755471123662844
0.9840772636341637
0.5308299687533633
0.6924411598841287
0.4202406507896215
0.3115169374362236
0.3253415736518546
0.11170014772922011
0.06707506690479355
0.0011246648238275225
0.029014402777663557
0.1741744919398909
0.1367291427246069
0.5594904619400298
0.40939358231110773
0.48059214738708617
0.2208588604278571
0.07317496272428198
0.09441946582083541
0.06642744378520932
0.009595449121369296
0.07603643526727476
0.2111551442393841
0.007787503223696766
-0.004208265124154299
0.07741737582653772
-0.0009056679343001641
0.1512996786904874
0.05856226613814843
0.16992642545994677
0.0504377256391609
-0.057805384319199966
0.08155956757550047
-0.009621679276413353
0.2949985930925622
0.07629124047967703
0.7624580606159592
0.16599976333832245
0.634719889016997
0.14841403464225647
0.6958402345150496
0.5985959331031397
0.0922310961695948
0.6061353303210526
0.05713364338080977
0.09161965884282842
0.07079014807223677
0.031813636415956026
0.26210656916158986
0.35939675944606353
0.35527519978479616
0.16077979601322934
0.00013609422546175039
0.24922264562597982
0.013138052795113328
0.21196312505669226
0.2865767121520871
0.11966490108723701
0.29078852147246576
0.07964254628984378
0.03782792786952942
0.26094391951222345
0.12393472181002982
0.09297550671476192
0.5017049520291821
0.4737398705259806
0.6060660417350038
0.6499316166480014
0.035769498012767215
0.28863521398090225
0.06946350061044153
0.21079788913631314
0.2482198680456222
0.4493197203350835
0.09573291205910012
0.8031629723262192
0.8891319769348528
0.7003882402627847
0.3108348282368786
0.37211023169492136
0.23364520392969695
0.5567953511512563
0.16563611624128105
0.09143057038209892
0.05895822016090364
0.268532769782472
0.3401274246387638
0.259579789511732
0.3281147605957452
0.04765503313663701
0.00685421664747759
-0.026946073719270585
0.07859700257829258
0.0007483333558902887
0.06689887854631409
-0.0570331771222419
-0.04541382559538428
-0.06634161906142019
-0.007284906691876494
-0.11044740280880883
-0.17075007585358176
0.19174151180718374
0.05886361148808886
-0.057969959579614316
0.06933806894830519
0.05352224973406202
-0.010509116089763475
-0.02893717043094127
-0.1422949273268079
-0.4206222596541913
-0.14345554588167064
-0.25289279115470237
-0.2771370776601528
0.6338342044510517
0.0038494599242573915
0.3883184381560466
0.4558668041513134
0.8242044424566565
0.7116473701055747
0.3977140586948441
0.31171048888219977
0.11402459443925574
0.08405851156137682
0.6540078367822466
0.5193170809913324
0.14265143305557185
0.19595127004543053
0.19129899798076638
0.261208763558078
0.39132449292114846
0.19237897539081272
0.2762021455945046
0.30597958205069165
0.121785898898478
0.31579352712024406
0.24816733938992436
0.3549310029031458
0.21165423669845512
0.12606292324462295
0.060044768771085645
0.0730892668867389
0.0746429731500503
0.03453667145318841
0.208442382346631
-0.033764695367163235
-0.010010243316717163
-0.1631713921889064
-0.3305130835414411
-0.14694655188326153
-0.3102984830795468
-0.03813033995809023
0.0022857957024108922
0.06631788828771744
0.0029510456959661343
0.08241460275101192
0.055585718395759466
0.004276666722650965
-0.06125832608615837
-0.5039144012426994
-0.10901579832873694
-0.06408425260594147
-0.1895246146893694
-0.008914080512560006
-0.0035293983804676188
-0.04647002241816239
-0.04559023976409599
-0.1187785806982514
-0.17181522723392018
-0.10095761032788383
-0.08771502072162819
-0.11040907881005074
-0.12716586383655865
-0.14533743255297815
-0.3217324705484191
-0.36054576668314436
-0.12944395289595162
-0.09338437602778292
-0.23249620954516081
-0.048884673599968405
-0.09540575996139171
-0.12857882343733879
-0.3346023827729196
-0.3187017017389243
-0.09644163892458725
-0.553917321306102
-0.7409676114379693
-0.02138866118424151
-0.060571044590930906
-0.29439097269859893
-0.02415130481145283
-0.1448630804613807
-0.015358978740505336
-0.278210173188456
-0.24468002743528847
-0.27503466925506415
-0.2443291695099023
-0.01917288476645142
0.01718949829543826
-0.03973813761234679
-0.08542333839265227
-0.12349016758218967
-0.05105157676801121
-0.055325930057981844
-0.25213874168049377
-0.4778355083640886
-0.2797663320986145
-0.7802087574989002
-0.2109016133456245
-0.1582422162823394
-0.5975880773110027
-0.14130957448770504
-0.6898298918861131
-0.2892344478726967
-1.0367816440281914
-0.10056807237541644
-0.06954574203067558
-0.015477913554706395
-0.20865710015508207
-0.05629947285565889
-0.10403277533830053
-0.09789142816537047
-0.03815905012998585
-0.32972022111685373
-0.08360648691179724
-0.252308849443861
-0.2158041661236118
-0.43436549198203317
-0.6068636276848681
-0.23929212523936533
-0.14497246274423
-0.1256803980878693
-0.3853562848662204
-0.15853413376035605
-0.23395013832242223
-0.1567349917987387
-0.5970326762634609
-0.5050981528833638
-0.257513822975017
-0.2883662488093104
-0.23482006722071658
-0.228780987591178
-0.9441974566806455
-0.38612759125892915
-0.9589201785784425
-0.4447358853297833
-0.05203396255031308
-1.0563959023899803
-0.9902544769449381
-0.9910224235489626
-0.5204004904846119
-0.35740397656364575
-0.9338898631788088
-0.8595375049895929
-0.20656238919688033
-0.37059084287188665
-0.4432093718405091
-0.6581901630309788
-0.1937778725682588
-0.05871252504575934
-0.31149467858345703
-0.12470443600147443
-0.6762475657891778
-0.792217310001762
-0.812966894033942
-0.9353453957068723
-0.9269383183575982
-0.8197034247282735
0.06312314478070757
-0.06483302053255179
-0.014870148472255543
-0.08877320725690316
-0.1285760451220501
-0.047386213594105636
0.18720519771251123
0.0004330306409009797
0.0030011689349866374
-0.0533524539150143
-0.07645839687505716
-0.008456703184520416
-0.014976447220598306
-0.05644517529273618
-0.42756536423327524
-0.15728927601809334
-0.6837620049648854
-0.3381640416958078
-0.13452475965247906
-0.36896982730833994
-0.1975115779814324
-0.08068170501798715
-0.44990352987390886
-0.23091167823057515
0.03432458667309074
3.341813456751495e-05
-0.0005598175005101688
-0.005651788698571956
-0.009631629873483023
-0.0017673433532348927
-0.07824118013202999
-0.01601174359564662
-0.015253741210197345
-0.14130363699909682
0.0016798048098590635
-0.01546766103769446
-0.007118034844170456
-0.020217057205509422
-0.0029527510463806506
0.02937826065602199
-0.05369481230360872
-0.015890770732275263
-0.024147651813906903
0.06773627099151737
0.023651751097302897
0.10563848550137055
0.020631741233786745
0.08701483845168145
0.05892840986052953
0.2858586951000639
-0.06137842336519293
-0.5357438072779398
-0.9658021883718986
-0.29188970330939346
-0.08105894249796863
-0.5471093408474458
-0.8017662067818613
-0.2611289619801137
-0.37100509993638137
-0.08675962846091108
-0.6129965695724361
-0.2721053981016895
-0.011293512293537365
-0.7404212672687168
-0.18194887545234026
-0.2839786446071712
-0.8645151275933934
-0.18171585348399877
-0.42109601459222384
-0.1172852722430232
-0.22767041331598642
-0.2814761192062185
-0.25502621712260276
-0.3046932740331196
-0.16000932312137253
-0.12672191449722917
-0.24827037884047184
0.00962170609817181
0.007272733099633638
-0.08016128853246772
-0.030698657631596057
-0.031928667439412736
0.1503732925190655
0.2900492779584983
0.038484526640005075
0.1734678301940428
0.19381767454745424
0.35579740990742836
0.14336249824626307
-0.17021254332113533
-0.03290235293887439
-0.07953975209470215
-0.029410577731723925
-0.06789689917499583
-0.00931863093046357
0.029502089552384335
0.18452377813895587
0.1392819967722374
0.19999785809358614
0.2563849732742419
0.03919309733955187
-0.8542132052055711
-0.27888492232644024
-0.7983451486437677
-0.7485883114244131
-0.781103049205336
-0.030780267275585912
-0.11881714333882602
-0.9435297050466318
-0.2034107470092315
-0.5324268058315967
-0.534308215766644
-1.0212735363862266
-0.5910678825714765
-0.35566670535672945
-0.975596136897053
-0.15209372908200536
-0.01595985177963364
-0.5402060948196633
-0.0017296821930775149
-0.27472122098290236
-0.48626356934196113
-0.14573923024740748
-0.32929139698313953
-0.5601135547131795
-0.2069795443775466
-0.010899219908578235
-0.21243097606390987
-0.09630829755122867
-0.5230279883087252
-0.8779979881046924
-0.010419172218659505
-0.3275255417119474
-0.5532736498349183
-0.8750883380333677
-0.9477837399193912
-0.9086596240993137
-0.42383350566783357
-0.6186500335855718
-0.3741184166006107
-0.11081618707106967
-0.5351562253993398
-0.46163062187630965
-0.4361147374526713
-0.06350399374875483
-0.7167002270351052
-0.5216669457526949
-0.6081817785680778
-0.45006191658811323
-0.25199865739926386
-0.3482707295051144
-0.470502732980426
-0.596484205643662
-0.47843414621274716
-0.026906483401027127
-0.3708999640104336
-0.28439640767047797
-0.4718360270464552
-0.2653065040171893
-0.020640989706062315
-0.12325389446626848
-0.0790811203172473
-0.22740834736745436
0.08008079634317407
0.029494232342843082
0.005532999683394599
-0.20951496635971054
-0.06393233252329245
-0.3371739082338565
-0.0515296511188468
0.09371938562023094
-0.024401466857689545
-0.0015295964244629553
0.061918975011077404
0.3980569879418597
0.027630135550020658
0.3322776886128744
0.09862784021236766
0.5639171512422072
0.7105451595046312
0.34877093169837653
0.14003764487878864
0.3721749794058779
0.4906403325269686
0.35108566149421255
0.7220471675061608
-0.34436495237049425
-0.1883000066583821
-0.31076548392452913
-0.22836074983276627
0.002445584853813917
-0.09863076822578806
0.08021398348662008
-0.005970012475805733
-0.1574877226293137
-0.1465047678408033
-0.02697085774975826
0.052315256289629485
-0.1176366462063459
0.01543844935544329
0.09264024618646043
0.09003067633293123
0.11843733372580538
0.3925268611340316
0.19491074011393128
0.1577773983952046
0.03230443802639284
0.21047216623103002
0.047178167976396894
0.15652414751586283
0.07147985434543139
0.2277100801413268
0.103688278643833
-0.01045082136935722
-0.023077486665385578
0.0015307636823352563
-0.37123229612557695
-0.014395753215013095
-0.06426743959057259
-0.0254382086984709
0.20469903660680813
0.1419475738340983
0.09889859216009331
0.04165293180276007
0.16022564693585764
0.16694183851719532
-0.16227389070502007
-0.2445142101263163
-0.045448942452076195
-0.016848435612933192
-0.24199101206264423
-0.07194795551239161
-0.09455768236442502
0.01603465856619776
0.0355416451508036
0.07676294875873588
0.2610708150532712
0.00384539512402525
0.03002935861359137
0.0021202148043092486
0.37198341719668365
0.6108562484298948
0.3389821007098223
0.12359458272541116
0.26575588958540886
0.3351197106616189
0.7221417711487225
0.4962925240639857
0.5466147409871324
0.3915320314101782
1.1184133029680423
1.0639373748414998
0.07113376638093508
0.7288180967107928
1.0610139938056236
0.4833943051026739
0.2035679905115513
0.2905841821087247
0.38161721818047806
0.30213534355504135
0.10976386115767424
0.12247314639609409
0.31975298497724397
0.22358650135937339
0.1511851897029161
0.6253942701465979
0.14883406343434655
0.5201912549073566
0.4774036843801022
-0.19449896179933296
-0.052043602290836696
-0.03520741850855539
-0.035071397372688905
-0.0008240390373668108
-0.011845509623175673
-0.00621826331532067
0.008871590626562944
0.01466575080716526
0.10700701984559256
-0.0042960336301727286
-0.00015448941781375625
0.03921076369795379
0.03305954617984956
0.06735332879368135
0.017464530373879968
0.025054845566194157
0.08028984166201043
0.0003139459645466153
0.05101884058115127
0.04280166649840219
-0.0031267067294687228
-0.004246948913415631
-0.014133349987625929
0.001641363571520635
-0.0103503716673822
-0.059367307170596406
-0.031685039192760306
0.09181857878077464
0.09842986268109885
0.041330094696361605
0.0672047696357591
0.04044761974967235
0.013797758898484511
0.08428406006290948
0.09565701680667028
0.4008609548887184
0.2455612909463326
0.36189362355360916
0.03717446520198153
0.012254805785793113
0.02967633586964198
0.142531541019153
-0.004280096476099451
-0.013202171486747198
2.0393183070970363e-05
-0.01833378169458577
-0.09460031436143287
-0.010667438894726022
-0.19865127149257167
-0.30711692629788456
-0.02270321489559651
-0.18472891995236493
0.0018257760278182673
-0.14755242897360882
-0.06263409844834561
-0.2701792406354078
-0.18429855975905537
0.23177513118735052
0.3434769774071939
0.23516328482998458
0.566772804966374
0.4452199669839357
0.06517275733824235
0.0405398452587749
0.1877872200060401
0.11607039148490361
0.47166861584658226
0.4147569711098058
0.7395381315275359
0.7459772462645572
0.11088354987360226
0.6679479286138663
0.8601210068620011
0.9802352335235214
0.2675593980766264
0.23314517226926604
0.8246638666630222
0.042001757566500895
1.0336286586784178
0.6411803827739087
0.6210902884104247
0.04356502425768524
0.6934977068095979
0.38234889766106
0.5251535035539986
0.8369486826376232
0.031658703141994524
0.6605057748759572
0.32045943384912273
0.09375196473768578
0.5986070570738297
0.6040569673913686
0.07048127095974836
0.017418373321943584
0.3050257125086161
0.6039011861546728
0.6611231245517443
0.3117282499036963
0.20632575310762538
0.2778841449937455
0.9922163281378233
0.1443800413606542
0.5612708715215227
0.2688677944879132
0.0370774855087239
0.12120663186296363
0.924878954826265
0.18396923322292358
0.22253407739992823
0.19259173239516644
0.4979727060616252
0.5760701083082972
0.5277053896333637
0.4637969068380411
